   0     1
   1     2
   2    41
   3    42
   4    43
   5    44
   6    45
   7    46
   8    47
   9    48
  10    49
  11    50
  12    51
  13    53
  14    54
  15    55
  16    56
  17    57
  18    58
  19    59
  20    60
  21    61
  22    62
  23    63
  24    64
  25    65
  26    66
  27    67
  28    68
  29    69
  30    70
  31    71
  32    72
  33   102
  34   103
  35   104
  36   105
  37   106
  38   118
  39   119
  40   120
  41   121
  42   160
  43   161
  44    43
  45    44
  46    45
  47    46
  48    47
  49    48
  50    49
  51    50
  52    51
  53    53
  54    54
  55    55
  56    56
  57    57
  58    58
  59    59
  60    60
  61    61
  62    62
  63    63
  64    64
  65    65
  66    66
  67    67
  68    68
  69    69
  70    70
  71    71
  72    72
  73   102
  74   103
  75   104
  76   105
  77   106
  78   118
  79   119
  80   120
  81   121
  82   122
  83   123
  84   124
  85   125
  86   126
  87   127
  88   129
  89   130
  90   131
  91   132
  92   133
  93   134
  94   135
  95   137
  96   138
  97   139
  98   140
  99   141
 100   142
 101   143
 102   147
 103   148
 104   149
 105   150
 106   151
 107   152
 108   153
 109   154
 110   155
 111   156
 112   157
 113   158
 114   159
 115   163
 116   164
