   0     0  0000000000000000000000000000000000000000000000000000000000000000001110000000000000000000000000000000011000000000000000000000000000000000101000000000000000000000000000000001000000000000000000000000000000000001100000000000000000000000000000000010000000000000000000001000000010010001001
   1     1  0000000000000000000000000000000000000000000000000000000000000000001110000000000000000000000000000000011000000000000000000000000000000000101000000000000000000000000000000001000000000000000000000000000000000001100000000000000000000000000000000010000000000000000000001000000010010001001
   2     2  0000000000000000000000000000000000000000000000000000000000000000001110000000000000000000000000000000011000000000000000000000000000000000101000000000000000000000000000000001000000000000000000000000000000000001100000000000000000000000000000000010000000000000000000001000000010010001001
   3     3  0000000000000000000000000000000000000000000000000000000000000000001110000000000000000000000000000000011000000000000000000000000000000000101000000000000000000000000000000001000000000000000000000000000000000001100000000000000000000000000000000010000000000000000000001000000010010001001
   4     4  0000000000000000000000000000000000000000000000000000000000000000001110000000000000000000000000000000011000000000000000000000000000000000101000000000000000000000000000000001000000000000000000000000000000000001100000000000000000000000000000000010000000000000000000001000000010010001001
   5     5  0000000000000000000000000000000000000000000000000000000000000000001110000000000000000000000000000000011000000000000000000000000000000000101000000000000000000000000000000001000000000000000000000000000000000001100000000000000000000000000000000010000000000000000000001000000010010001001
   6     6  0000000000000000000000000000000000000000000000000000000000000000001110000000000000000000000000000000011000000000000000000000000000000000101000000000000000000000000000000001000000000000000000000000000000000001100000000000000000000000000000000010000000000000000000001000000010010001001
   7     7  0000000000000000000000000000000000000000000000000000000000000000001110000000000000000000000000000000011000000000000000000000000000000000101000000000000000000000000000000001000000000000000000000000000000000001100000000000000000000000000000000010000000000000000000001000000010010001001
   8     8  0000000000000000000000000000000000000000000000000000000000000000001110000000000000000000000000000000011000000000000000000000000000000000101000000000000000000000000000000001000000000000000000000000000000000001100000000000000000000000000000000010000000000000000000001000000010010001001
   9     9  0000000000000000000000000000000000000000000000000000000000000000001110000000000000000000000000000000011000000000000000000000000000000000101000000000000000000000000000000001000000000000000000000000000000000001100000000000000000000000000000000010000000000000000000001000000010010001001
  10    10  0000000000000000000000000000000000000000000000000000000000000000001110000000000000000000000000000000011000000000000000000000000000000000101000000000000000000000000000000001000000000000000000000000000000000001100000000000000000000000000000000010000000000000000000001000000010010001001
  11    11  0000000000000000000000000000000000000000000000000000000000000000001110000000000000000000000000000000011000000000000000000000000000000000101000000000000000000000000000000001000000000000000000000000000000000001100000000000000000000000000000000010000000000000000000001000000010010001001
  12    13  0000000000000000000000000000000000000000000000000000000000000000001110000000000000000000000000000000011000000000000000000000000000000000101000000000000000000000000000000001000000000000000000000000000000000001100000000000000000000000000000000010000000000000000000001000000010010001001
  13    14  0000000000000000000000000000000000000000000000000000000000000000001110000000000000000000000000000000011000000000000000000000000000000000101000000000000000000000000000000001000000000000000000000000000000000001100000000000000000000000000000000010000000000000000000001000000010010001001
  14    15  0000000000000000000000000000000000000000000000000000000000000000001110000000000000000000000000000000011000000000000000000000000000000000101000000000000000000000000000000001000000000000000000000000000000000001100000000000000000000000000000000010000000000000000000001000000010010001001
  15    16  0000000000000000000000000000000000000000000000000000000000000000001110000000000000000000000000000000011000000000000000000000000000000000101000000000000000000000000000000001000000000000000000000000000000000001100000000000000000000000000000000010000000000000000000001000000010010001001
  16    17  0000000000000000000000000000000000000000000000000000000000000000001110000000000000000000000000000000011000000000000000000000000000000000101000000000000000000000000000000001000000000000000000000000000000000001100000000000000000000000000000000010000000000000000000001000000010010001001
  17    18  0000000000000000000000000000000000000000000000000000000000000000001110000000000000000000000000000000011000000000000000000000000000000000101000000000000000000000000000000001000000000000000000000000000000000001100000000000000000000000000000000010000000000000000000001000000010010001001
  18    22  0000000000000000000000000000000000000000000000000000000000000000001110000000000000000000000000000000011000000000000000000000000000000000101000000000000000000000000000000001000000000000000000000000000000000001100000000000000000000000000000000010000000000000000000001000000010010001001
  19    23  0000000000000000000000000000000000000000000000000000000000000000001110000000000000000000000000000000011000000000000000000000000000000000101000000000000000000000000000000001000000000000000000000000000000000001100000000000000000000000000000000010000000000000000000001000000010010001001
  20    24  0000000000000000000000000000000000000000000000000000000000000000001110000000000000000000000000000000011000000000000000000000000000000000101000000000000000000000000000000001000000000000000000000000000000000001100000000000000000000000000000000010000000000000000000001000000010010001001
  21    30  0000000000000000000000000000000000000000000000000000000000000000001110000000000000000000000000000000011000000000000000000000000000000000101000000000000000000000000000000001000000000000000000000000000000000001100000000000000000000000000000000010000000000000000000001000000010010001001
  22    31  0000000000000000000000000000000000000000000000000000000000000000001110000000000000000000000000000000011000000000000000000000000000000000101000000000000000000000000000000001000000000000000000000000000000000001100000000000000000000000000000000010000000000000000000001000000010010001001
  23    32  0000000000000000000000000000000000000000000000000000000000000000001110000000000000000000000000000000011000000000000000000000000000000000101000000000000000000000000000000001000000000000000000000000000000000001100000000000000000000000000000000010000000000000000000001000000010010001001
  24   136  0000000000000000000000000000000000000000000000000000000000000000001110000000000000000000000000000000011000000000000000000000000000000000101000000000000000000000000000000001000000000000000000000000000000000001100000000000000000000000000000000010000000000000000000001000000010010001001
  25   137  0000000000000000000000000000000000000000000000000000000000000000001110000000000000000000000000000000011000000000000000000000000000000000101000000000000000000000000000000001000000000000000000000000000000000001100000000000000000000000000000000010000000000000000000001000000010010001001
  26   138  0000000000000000000000000000000000000000000000000000000000000000001110000000000000000000000000000000011000000000000000000000000000000000101000000000000000000000000000000001000000000000000000000000000000000001100000000000000000000000000000000010000000000000000000001000000010010001001
  27   139  0000000000000000000000000000000000000000000000000000000000000000001110000000000000000000000000000000011000000000000000000000000000000000101000000000000000000000000000000001000000000000000000000000000000000001100000000000000000000000000000000010000000000000000000001000000010010001001
  28   140  0000000000000000000000000000000000000000000000000000000000000000001110000000000000000000000000000000011000000000000000000000000000000000101000000000000000000000000000000001000000000000000000000000000000000001100000000000000000000000000000000010000000000000000000001000000010010001001
  29   157  0000000000000000000000000000000000000000000000000000000000000000001110000000000000000000000000000000011000000000000000000000000000000000101000000000000000000000000000000001000000000000000000000000000000000001100000000000000000000000000000000010000000000000000000001000000010010001001
  30   158  0000000000000000000000000000000000000000000000000000000000000000001110000000000000000000000000000000011000000000000000000000000000000000101000000000000000000000000000000001000000000000000000000000000000000001100000000000000000000000000000000010000000000000000000001000000010010001001
  31   159  0000000000000000000000000000000000000000000000000000000000000000001110000000000000000000000000000000011000000000000000000000000000000000101000000000000000000000000000000001000000000000000000000000000000000001100000000000000000000000000000000010000000000000000000001000000010010001001
  32   160  0000000000000000000000000000000000000000000000000000000000000000001110000000000000000000000000000000011000000000000000000000000000000000101000000000000000000000000000000001000000000000000000000000000000000001100000000000000000000000000000000010000000000000000000001000000010010001001
  33   161  0000000000000000000000000000000000000000000000000000000000000000001110000000000000000000000000000000011000000000000000000000000000000000101000000000000000000000000000000001000000000000000000000000000000000001100000000000000000000000000000000010000000000000000000001000000010010001001
  34   162  0000000000000000000000000000000000000000000000000000000000000000001110000000000000000000000000000000011000000000000000000000000000000000101000000000000000000000000000000001000000000000000000000000000000000001100000000000000000000000000000000010000000000000000000001000000010010001001
  35   163  0000000000000000000000000000000000000000000000000000000000000000001110000000000000000000000000000000011000000000000000000000000000000000101000000000000000000000000000000001000000000000000000000000000000000001100000000000000000000000000000000010000000000000000000001000000010010001001
  36   164  0000000000000000000000000000000000000000000000000000000000000000001110000000000000000000000000000000011000000000000000000000000000000000101000000000000000000000000000000001000000000000000000000000000000000001100000000000000000000000000000000010000000000000000000001000000010010001001
  37   165  0000000000000000000000000000000000000000000000000000000000000000001110000000000000000000000000000000011000000000000000000000000000000000101000000000000000000000000000000001000000000000000000000000000000000001100000000000000000000000000000000010000000000000000000001000000010010001001
  38   166  0000000000000000000000000000000000000000000000000000000000000000001110000000000000000000000000000000011000000000000000000000000000000000101000000000000000000000000000000001000000000000000000000000000000000001100000000000000000000000000000000010000000000000000000001000000010010001001
  39   167  0000000000000000000000000000000000000000000000000000000000000000001110000000000000000000000000000000011000000000000000000000000000000000101000000000000000000000000000000001000000000000000000000000000000000001100000000000000000000000000000000010000000000000000000001000000010010001001
  40   168  0000000000000000000000000000000000000000000000000000000000000000001110000000000000000000000000000000011000000000000000000000000000000000101000000000000000000000000000000001000000000000000000000000000000000001100000000000000000000000000000000010000000000000000000001000000010010001001
  41   169  0000000000000000000000000000000000000000000000000000000000000000001110000000000000000000000000000000011000000000000000000000000000000000101000000000000000000000000000000001000000000000000000000000000000000001100000000000000000000000000000000010000000000000000000001000000010010001001
  42   170  0000000000000000000000000000000000000000000000000000000000000000001110000000000000000000000000000000011000000000000000000000000000000000101000000000000000000000000000000001000000000000000000000000000000000001100000000000000000000000000000000010000000000000000000001000000010010001001
  43   171  0000000000000000000000000000000000000000000000000000000000000000001110000000000000000000000000000000011000000000000000000000000000000000101000000000000000000000000000000001000000000000000000000000000000000001100000000000000000000000000000000010000000000000000000001000000010010001001
  44   172  0000000000000000000000000000000000000000000000000000000000000000001110000000000000000000000000000000011000000000000000000000000000000000101000000000000000000000000000000001000000000000000000000000000000000001100000000000000000000000000000000010000000000000000000001000000010010001001
  45   173  0000000000000000000000000000000000000000000000000000000000000000001110000000000000000000000000000000011000000000000000000000000000000000101000000000000000000000000000000001000000000000000000000000000000000001100000000000000000000000000000000010000000000000000000001000000010010001001
  46   174  0000000000000000000000000000000000000000000000000000000000000000001110000000000000000000000000000000011000000000000000000000000000000000101000000000000000000000000000000001000000000000000000000000000000000001100000000000000000000000000000000010000000000000000000001000000010010001001
  47   176  0000000000000000000000000000000000000000000000000000000000000000001110000000000000000000000000000000011000000000000000000000000000000000101000000000000000000000000000000001000000000000000000000000000000000001100000000000000000000000000000000010000000000000000000001000000010010001001
  48   177  0000000000000000000000000000000000000000000000000000000000000000001110000000000000000000000000000000011000000000000000000000000000000000101000000000000000000000000000000001000000000000000000000000000000000001100000000000000000000000000000000010000000000000000000001000000010010001001
  49   178  0000000000000000000000000000000000000000000000000000000000000000001110000000000000000000000000000000011000000000000000000000000000000000101000000000000000000000000000000001000000000000000000000000000000000001100000000000000000000000000000000010000000000000000000001000000010010001001
  50   179  0000000000000000000000000000000000000000000000000000000000000000001110000000000000000000000000000000011000000000000000000000000000000000101000000000000000000000000000000001000000000000000000000000000000000001100000000000000000000000000000000010000000000000000000001000000010010001001
  51   180  0000000000000000000000000000000000000000000000000000000000000000001110000000000000000000000000000000011000000000000000000000000000000000101000000000000000000000000000000001000000000000000000000000000000000001100000000000000000000000000000000010000000000000000000001000000010010001001
  52   181  0000000000000000000000000000000000000000000000000000000000000000001110000000000000000000000000000000011000000000000000000000000000000000101000000000000000000000000000000001000000000000000000000000000000000001100000000000000000000000000000000010000000000000000000001000000010010001001
  53   186  0000000000000000000000000000000000000000000000000000000000000000001110000000000000000000000000000000011000000000000000000000000000000000101000000000000000000000000000000001000000000000000000000000000000000001100000000000000000000000000000000010000000000000000000001000000010010001001
  54   187  0000000000000000000000000000000000000000000000000000000000000000001110000000000000000000000000000000011000000000000000000000000000000000101000000000000000000000000000000001000000000000000000000000000000000001100000000000000000000000000000000010000000000000000000001000000010010001001
  55   188  0000000000000000000000000000000000000000000000000000000000000000001110000000000000000000000000000000011000000000000000000000000000000000101000000000000000000000000000000001000000000000000000000000000000000001100000000000000000000000000000000010000000000000000000001000000010010001001
  56   195  0000000000000000000000000000000000000000000000000000000000000000001110000000000000000000000000000000011000000000000000000000000000000000101000000000000000000000000000000001000000000000000000000000000000000001100000000000000000000000000000000010000000000000000000001000000010010001001
  57   196  0000000000000000000000000000000000000000000000000000000000000000001110000000000000000000000000000000011000000000000000000000000000000000101000000000000000000000000000000001000000000000000000000000000000000001100000000000000000000000000000000010000000000000000000001000000010010001001
  58   214  0000000000000000000000000000000000000000000000000000000000000000001110000000000000000000000000000000011000000000000000000000000000000000101000000000000000000000000000000001000000000000000000000000000000000001100000000000000000000000000000000010000000000000000000001000000010010001001
  59   215  0000000000000000000000000000000000000000000000000000000000000000001110000000000000000000000000000000011000000000000000000000000000000000101000000000000000000000000000000001000000000000000000000000000000000001100000000000000000000000000000000010000000000000000000001000000010010001001
  60   216  0000000000000000000000000000000000000000000000000000000000000000001110000000000000000000000000000000011000000000000000000000000000000000101000000000000000000000000000000001000000000000000000000000000000000001100000000000000000000000000000000010000000000000000000001000000010010001001
  61   217  0000000000000000000000000000000000000000000000000000000000000000001110000000000000000000000000000000011000000000000000000000000000000000101000000000000000000000000000000001000000000000000000000000000000000001100000000000000000000000000000000010000000000000000000001000000010010001001
  62   218  0000000000000000000000000000000000000000000000000000000000000000001110000000000000000000000000000000011000000000000000000000000000000000101000000000000000000000000000000001000000000000000000000000000000000001100000000000000000000000000000000010000000000000000000001000000010010001001
  63   219  0000000000000000000000000000000000000000000000000000000000000000001110000000000000000000000000000000011000000000000000000000000000000000101000000000000000000000000000000001000000000000000000000000000000000001100000000000000000000000000000000010000000000000000000001000000010010001001
  64   220  0000000000000000000000000000000000000000000000000000000000000000001110000000000000000000000000000000011000000000000000000000000000000000101000000000000000000000000000000001000000000000000000000000000000000001100000000000000000000000000000000010000000000000000000001000000010010001001
  65   221  0000000000000000000000000000000000000000000000000000000000000000001110000000000000000000000000000000011000000000000000000000000000000000101000000000000000000000000000000001000000000000000000000000000000000001100000000000000000000000000000000010000000000000000000001001000010010001001
  66   222  0000000000000000000000000000000000000000000000000000000000000000001110000000000000000000000000000000011000000000000000000000000000000000101000000000000000000000000000000001000000000000000000000000000000000001100000000000000000000000000000000010000000000000000100001001000010010001001
  67   223  0000000000000000000000000000000000000000000000000000000000000000001110000000000000000000000000000000011000000000000000000000000000000000101000000000000000000000000000000001000000000000000000000000000000000001100000000000000000000000000000000010000000000000000100001001000010100001001
  68   224  0000000000000000000000000000000000000000000000000000000000000000001110000000000000000000000000000000011000000000000000000000000000000000101000000000000000000000000000000001000000000000000000000000000000000001100000000000000000000000000000000010000000000000000100001001000010100001001
  69   225  0000000000000000000000000000000000000000000000000000000000000000001110000000000000000000000000000000011000000000000000000000000000000000101000000000000000000000000000000001000000000000000000000000000000000001100000000000000000000000000000000010000000000000000100001001000010100001001
  70   226  0000000000000000000000000000000000000000000000000000000000000000001110000000000000000000000000000000011000000000000000000000000000000000101000000000000000000000000000000001000000000000000000000000000000000001100000000000000000000000000000000010000000000000000100001001000010100001001
  71   227  0000000000000000000000000000000000000000000000000000000000000000001110000000000000000000000000000000011000000000000000000000000000000000101000000000000000000000000000000001000000000000000000000000000000000001100000000000000000000000000000000010000000000000000100001001000010100001001
  72   228  0000000000000000000000000000000000000000000000000000000000000000001110000000000000000000000000000000011000000000000000000000000000000000101000000000000000000000000000000001000000000000000000000000000000000001100000000000000000000000000000000010000000000000000100001001000010100001001
  73   229  0000000000000000000000000000000000000000000000000000000000000000001110000000000000000000000000000000011000000000000000000000000000000000101000000000000000000000000000000001000000000000000000000000000000000001100000000000000000000000000000000010000000000000000100001001000010100001001
  74   230  0000000000000000000000000000000000000000000000000000000000000000001110000000000000000000000000000000011000000000000000000000000000000000101000000000000000000000000000000001000000000000000000000000000000000001100000000000000000000000000000000010000000000000000100001001000010100001001
  75   232  0000000000000000000000000000000000000000000000000000000000000000001110000000000000000000000000000000011000000000000000000000000000000000101000000000000000000000000000000001000000000000000000000000000000000001100000000000000000000000000000000010000000000000000100001001000010100001001
  76  2706  0000000000000000000000000000000000000000000000000000000000000000001110000000000000000000000000000000011000000000000000000000000000000000101000000000000000000000000000000001000000000000000000000000000000000001100000000000000000000000000000000010000000000000000100001001000010100001001
