   0     0  1111111111111111111111111111111100111111111111111111111111111111111011111111111111111111111111111111101111111111111111111111111111111111110111111111111111111111111111111110001111111111111111111111111111111100111111111111111111111111111111111111101001001000100000000100110010010001010
   1     1  1111111111111111111111111111111100111111111111111111111111111111111011111111111111111111111111111111101111111111111111111111111111111111110111111111111111111111111111111110001111111111111111111111111111111100111111111111111111111111111111111111101001001000100000000100110010010001010
   2     2  1111111111111111111111111111111100111111111111111111111111111111111011111111111111111111111111111111101111111111111111111111111111111111110111111111111111111111111111111110001111111111111111111111111111111100111111111111111111111111111111111111101001001000100000000100110010010001010
   3     3  1111111111111111111111111111111100111111111111111111111111111111111011111111111111111111111111111111101111111111111111111111111111111111110111111111111111111111111111111110001111111111111111111111111111111100111111111111111111111111111111111111101001001000100000000100110010010001010
   4     4  1111111111111111111111111111111100111111111111111111111111111111111011111111111111111111111111111111101111111111111111111111111111111111110111111111111111111111111111111110001111111111111111111111111111111100111111111111111111111111111111111111101001001000100000000100110010010001010
   5     5  1111111111111111111111111111111100111111111111111111111111111111111011111111111111111111111111111111101111111111111111111111111111111111110111111111111111111111111111111110001111111111111111111111111111111100111111111111111111111111111111111111101001001000100000000100110010010001010
   6   538  1111111111111111111111111111111100111111111111111111111111111111111011111111111111111111111111111111101111111111111111111111111111111111110111111111111111111111111111111110001111111111111111111111111111111100111111111111111111111111111111111111101001001000100000000100110010010001010
   7   539  1111111111111111111111111111111100111111111111111111111111111111111011111111111111111111111111111111101111111111111111111111111111111111110111111111111111111111111111111110001111111111111111111111111111111100111111111111111111111111111111111111101001001000100000000100110010010001010
   8   540  1111111111111111111111111111111100111111111111111111111111111111111011111111111111111111111111111111101111111111111111111111111111111111110111111111111111111111111111111110001111111111111111111111111111111100111111111111111111111111111111111111101001001000100000000100110010010001010
   9   541  1111111111111111111111111111111100111111111111111111111111111111111011111111111111111111111111111111101111111111111111111111111111111111110111111111111111111111111111111110001111111111111111111111111111111100111111111111111111111111111111111111101001001000100000000100110010010001010
  10   542  1111111111111111111111111111111100111111111111111111111111111111111011111111111111111111111111111111101111111111111111111111111111111111110111111111111111111111111111111110001111111111111111111111111111111100111111111111111111111111111111111111101001001000100000000100110010010001010
  11   543  1111111111111111111111111111111100111111111111111111111111111111111011111111111111111111111111111111101111111111111111111111111111111111110111111111111111111111111111111110001111111111111111111111111111111100111111111111111111111111111111111111101001001000100000000100110010010001010
  12   544  1111111111111111111111111111111100111111111111111111111111111111111011111111111111111111111111111111101111111111111111111111111111111111110111111111111111111111111111111110001111111111111111111111111111111100111111111111111111111111111111111111101001001000100000000100110010010001010
  13   545  1111111111111111111111111111111100111111111111111111111111111111111011111111111111111111111111111111101111111111111111111111111111111111110111111111111111111111111111111110001111111111111111111111111111111100111111111111111111111111111111111111101001001000100000000100110010010001010
  14   546  1111111111111111111111111111111100111111111111111111111111111111111011111111111111111111111111111111101111111111111111111111111111111111110111111111111111111111111111111110001111111111111111111111111111111100111111111111111111111111111111111111101001001000100000000100110010010001010
  15   547  1111111111111111111111111111111100111111111111111111111111111111111011111111111111111111111111111111101111111111111111111111111111111111110111111111111111111111111111111110001111111111111111111111111111111100111111111111111111111111111111111111101001001000100000000100110010010001010
  16   548  1111111111111111111111111111111100111111111111111111111111111111111011111111111111111111111111111111101111111111111111111111111111111111110111111111111111111111111111111110001111111111111111111111111111111100111111111111111111111111111111111111101001001000100000000100110010010001010
  17   549  1111111111111111111111111111111100111111111111111111111111111111111011111111111111111111111111111111101111111111111111111111111111111111110111111111111111111111111111111110001111111111111111111111111111111100111111111111111111111111111111111111101001001000100000000100110010010001010
  18   550  1111111111111111111111111111111100111111111111111111111111111111111011111111111111111111111111111111101111111111111111111111111111111111110111111111111111111111111111111110001111111111111111111111111111111100111111111111111111111111111111111111101001001000100000000100110010010001010
  19   551  1111111111111111111111111111111100111111111111111111111111111111111011111111111111111111111111111111101111111111111111111111111111111111110111111111111111111111111111111110001111111111111111111111111111111100111111111111111111111111111111111111101001001000100000000100110010010001010
  20   552  1111111111111111111111111111111100111111111111111111111111111111111011111111111111111111111111111111101111111111111111111111111111111111110111111111111111111111111111111110001111111111111111111111111111111100111111111111111111111111111111111111101001001000100000000100110010010001010
  21   554  1111111111111111111111111111111100111111111111111111111111111111111011111111111111111111111111111111101111111111111111111111111111111111110111111111111111111111111111111110001111111111111111111111111111111100111111111111111111111111111111111111101001001000100000000100110010010001010
  22   555  1111111111111111111111111111111100111111111111111111111111111111111011111111111111111111111111111111101111111111111111111111111111111111110111111111111111111111111111111110001111111111111111111111111111111100111111111111111111111111111111111111101001001000100000000100110010010001010
  23   556  1111111111111111111111111111111100111111111111111111111111111111111011111111111111111111111111111111101111111111111111111111111111111111110111111111111111111111111111111110001111111111111111111111111111111100111111111111111111111111111111111111101001001000100000000100110010010001010
  24   557  1111111111111111111111111111111100111111111111111111111111111111111011111111111111111111111111111111101111111111111111111111111111111111110111111111111111111111111111111110001111111111111111111111111111111100111111111111111111111111111111111111101001001000100000000100110010010001010
  25   558  1111111111111111111111111111111100111111111111111111111111111111111011111111111111111111111111111111101111111111111111111111111111111111110111111111111111111111111111111110001111111111111111111111111111111100111111111111111111111111111111111111101001001000100000000100110010010001010
  26   559  1111111111111111111111111111111100111111111111111111111111111111111011111111111111111111111111111111101111111111111111111111111111111111110111111111111111111111111111111110001111111111111111111111111111111100111111111111111111111111111111111111101001001000100000000100110010010001010
  27   560  1111111111111111111111111111111100111111111111111111111111111111111011111111111111111111111111111111101111111111111111111111111111111111110111111111111111111111111111111110001111111111111111111111111111111100111111111111111111111111111111111111101001001000100000000100110010010001010
  28   561  1111111111111111111111111111111100111111111111111111111111111111111011111111111111111111111111111111101111111111111111111111111111111111110111111111111111111111111111111110001111111111111111111111111111111100111111111111111111111111111111111111101001001000100000000100110010010001010
  29   562  1111111111111111111111111111111100111111111111111111111111111111111011111111111111111111111111111111101111111111111111111111111111111111110111111111111111111111111111111110001111111111111111111111111111111100111111111111111111111111111111111111101001001000100000000100110010010001010
  30   571  1111111111111111111111111111111100111111111111111111111111111111111011111111111111111111111111111111101111111111111111111111111111111111110111111111111111111111111111111110001111111111111111111111111111111100111111111111111111111111111111111111101001001000100000000100110010010001010
  31   572  1111111111111111111111111111111100111111111111111111111111111111111011111111111111111111111111111111101111111111111111111111111111111111110111111111111111111111111111111110001111111111111111111111111111111100111111111111111111111111111111111111101001001000100000000100110010010001010
  32   573  1111111111111111111111111111111100111111111111111111111111111111111011111111111111111111111111111111101111111111111111111111111111111111110111111111111111111111111111111110001111111111111111111111111111111100111111111111111111111111111111111111101001001000100000000100110010010001010
  33   677  1111111111111111111111111111111100111111111111111111111111111111111011111111111111111111111111111111101111111111111111111111111111111111110111111111111111111111111111111110001111111111111111111111111111111100111111111111111111111111111111111111101001001000100000000100110010010001010
  34   678  1111111111111111111111111111111100111111111111111111111111111111111011111111111111111111111111111111101111111111111111111111111111111111110111111111111111111111111111111110001111111111111111111111111111111100111111111111111111111111111111111111101001001000100000000100110010010001010
  35   679  1111111111111111111111111111111100111111111111111111111111111111111011111111111111111111111111111111101111111111111111111111111111111111110111111111111111111111111111111110001111111111111111111111111111111100111111111111111111111111111111111111101001001000100000000100110010010001010
  36   680  1111111111111111111111111111111100111111111111111111111111111111111011111111111111111111111111111111101111111111111111111111111111111111110111111111111111111111111111111110001111111111111111111111111111111100111111111111111111111111111111111111101001001000100000000100110010010001010
  37   681  1111111111111111111111111111111100111111111111111111111111111111111011111111111111111111111111111111101111111111111111111111111111111111110111111111111111111111111111111110001111111111111111111111111111111100111111111111111111111111111111111111101001001000100000000100110010010001010
  38   682  1111111111111111111111111111111100111111111111111111111111111111111011111111111111111111111111111111101111111111111111111111111111111111110111111111111111111111111111111110001111111111111111111111111111111100111111111111111111111111111111111111101001001000100000000100110010010001010
  39   683  1111111111111111111111111111111100111111111111111111111111111111111011111111111111111111111111111111101111111111111111111111111111111111110111111111111111111111111111111110001111111111111111111111111111111100111111111111111111111111111111111111101001001000100000000100110010010001010
  40   684  1111111111111111111111111111111100111111111111111111111111111111111011111111111111111111111111111111101111111111111111111111111111111111110111111111111111111111111111111110001111111111111111111111111111111100111111111111111111111111111111111111101001001000100000000100110010010001010
  41   685  1111111111111111111111111111111100111111111111111111111111111111111011111111111111111111111111111111101111111111111111111111111111111111110111111111111111111111111111111110001111111111111111111111111111111100111111111111111111111111111111111111101001001000100000000100110010010001010
  42   686  1111111111111111111111111111111100111111111111111111111111111111111011111111111111111111111111111111101111111111111111111111111111111111110111111111111111111111111111111110001111111111111111111111111111111100111111111111111111111111111111111111101001001000100000000100110010010001010
  43   687  1111111111111111111111111111111100111111111111111111111111111111111011111111111111111111111111111111101111111111111111111111111111111111110111111111111111111111111111111110001111111111111111111111111111111100111111111111111111111111111111111111101001001000100000000100110010010001010
  44   688  1111111111111111111111111111111100111111111111111111111111111111111011111111111111111111111111111111101111111111111111111111111111111111110111111111111111111111111111111110001111111111111111111111111111111100111111111111111111111111111111111111101001001000100000000100110010010001010
  45   689  1111111111111111111111111111111100111111111111111111111111111111111011111111111111111111111111111111101111111111111111111111111111111111110111111111111111111111111111111110001111111111111111111111111111111100111111111111111111111111111111111111101001001000100000000100110010010001010
  46   690  1111111111111111111111111111111100111111111111111111111111111111111011111111111111111111111111111111101111111111111111111111111111111111110111111111111111111111111111111110001111111111111111111111111111111100111111111111111111111111111111111111101001001000100000000100110010010001010
  47   691  1111111111111111111111111111111100111111111111111111111111111111111011111111111111111111111111111111101111111111111111111111111111111111110111111111111111111111111111111110001111111111111111111111111111111100111111111111111111111111111111111111101001001000100000000100110010010001010
  48   692  1111111111111111111111111111111100111111111111111111111111111111111011111111111111111111111111111111101111111111111111111111111111111111110111111111111111111111111111111110001111111111111111111111111111111100111111111111111111111111111111111111101001001000100000000100110010010001010
  49   693  1111111111111111111111111111111100111111111111111111111111111111111011111111111111111111111111111111101111111111111111111111111111111111110111111111111111111111111111111110001111111111111111111111111111111100111111111111111111111111111111111111101001001000100000000100110010010001010
  50   694  1111111111111111111111111111111100111111111111111111111111111111111011111111111111111111111111111111101111111111111111111111111111111111110111111111111111111111111111111110001111111111111111111111111111111100111111111111111111111111111111111111101001001000100000000100110010010001010
  51   695  1111111111111111111111111111111100111111111111111111111111111111111011111111111111111111111111111111101111111111111111111111111111111111110111111111111111111111111111111110001111111111111111111111111111111100111111111111111111111111111111111111101001001000100000000100110010010001010
  52   696  1111111111111111111111111111111100111111111111111111111111111111111011111111111111111111111111111111101111111111111111111111111111111111110111111111111111111111111111111110001111111111111111111111111111111100111111111111111111111111111111111111101001001000100000000100110010000001010
  53   697  1111111111111111111111111111111100111111111111111111111111111111111011111111111111111111111111111111101111111111111111111111111111111111110111111111111111111111111111111110001111111111111111111111111111111100111111111111111111111111111111111111101001001000100000000100110010000001010
  54   698  1111111111111111111111111111111100111111111111111111111111111111111011111111111111111111111111111111101111111111111111111111111111111111110111111111111111111111111111111110001111111111111111111111111111111100111111111111111111111111111111111111101001001000100000000100110010000001010
  55   699  1111111111111111111111111111111100111111111111111111111111111111111011111111111111111111111111111111101111111111111111111111111111111111110111111111111111111111111111111110001111111111111111111111111111111100111111111111111111111111111111111111101001001000100000000100110010000001010
  56   700  1111111111111111111111111111111100111111111111111111111111111111111011111111111111111111111111111111101111111111111111111111111111111111110111111111111111111111111111111110001111111111111111111111111111111100111111111111111111111111111111111111101001001000100000000100110010000001010
  57   701  1111111111111111111111111111111100111111111111111111111111111111111011111111111111111111111111111111101111111111111111111111111111111111110111111111111111111111111111111110001111111111111111111111111111111100111111111111111111111111111111111111101001001000100000000100110010000001010
  58   702  1111111111111111111111111111111100111111111111111111111111111111111011111111111111111111111111111111101111111111111111111111111111111111110111111111111111111111111111111110001111111111111111111111111111111100111111111111111111111111111111111111101001001000100000000100110010000001010
  59  3651  1111111111111111111111111111111100111111111111111111111111111111111011111111111111111111111111111111101111111111111111111111111111111111110111111111111111111111111111111110001111111111111111111111111111111100111111111111111111111111111111111111101001001000100000000100110010000001010