   0     0  1111111111111111111111111111111100111111111111111111111111111111111011111111111111111111111111111111101111111111111111111111111111111111110111111111111111111111111111111110001111111111111111111111111111111100111111111111111111111111111111111111101001001000100000001100110000100001010
   1     1  1111111111111111111111111111111100111111111111111111111111111111111011111111111111111111111111111111101111111111111111111111111111111111110111111111111111111111111111111110001111111111111111111111111111111100111111111111111111111111111111111111101001001000100000001100110000100001010
   2     2  1111111111111111111111111111111100111111111111111111111111111111111011111111111111111111111111111111101111111111111111111111111111111111110111111111111111111111111111111110001111111111111111111111111111111100111111111111111111111111111111111111101001001000100000001100110000100001010
   3     3  1111111111111111111111111111111100111111111111111111111111111111111011111111111111111111111111111111101111111111111111111111111111111111110111111111111111111111111111111110001111111111111111111111111111111100111111111111111111111111111111111111101001001000100000001100110000100001010
   4     4  1111111111111111111111111111111100111111111111111111111111111111111011111111111111111111111111111111101111111111111111111111111111111111110111111111111111111111111111111110001111111111111111111111111111111100111111111111111111111111111111111111101001001000100000001100110000100001010
   5     5  1111111111111111111111111111111100111111111111111111111111111111111011111111111111111111111111111111101111111111111111111111111111111111110111111111111111111111111111111110001111111111111111111111111111111100111111111111111111111111111111111111101001001000100000001100110000100001010
   6   724  1111111111111111111111111111111100111111111111111111111111111111111011111111111111111111111111111111101111111111111111111111111111111111110111111111111111111111111111111110001111111111111111111111111111111100111111111111111111111111111111111111101001001000100000001100110000100001010
   7   725  1111111111111111111111111111111100111111111111111111111111111111111011111111111111111111111111111111101111111111111111111111111111111111110111111111111111111111111111111110001111111111111111111111111111111100111111111111111111111111111111111111101001001000100000001100110000100001010
   8   726  1111111111111111111111111111111100111111111111111111111111111111111011111111111111111111111111111111101111111111111111111111111111111111110111111111111111111111111111111110001111111111111111111111111111111100111111111111111111111111111111111111101001001000100000001100110000100001010
   9   727  1111111111111111111111111111111100111111111111111111111111111111111011111111111111111111111111111111101111111111111111111111111111111111110111111111111111111111111111111110001111111111111111111111111111111100111111111111111111111111111111111111101001001000100000001100110000100001010
  10   728  1111111111111111111111111111111100111111111111111111111111111111111011111111111111111111111111111111101111111111111111111111111111111111110111111111111111111111111111111110001111111111111111111111111111111100111111111111111111111111111111111111101001001000100000001100110000100001010
  11   729  1111111111111111111111111111111100111111111111111111111111111111111011111111111111111111111111111111101111111111111111111111111111111111110111111111111111111111111111111110001111111111111111111111111111111100111111111111111111111111111111111111101001001000100000001100110000100001010
  12   730  1111111111111111111111111111111100111111111111111111111111111111111011111111111111111111111111111111101111111111111111111111111111111111110111111111111111111111111111111110001111111111111111111111111111111100111111111111111111111111111111111111101001001000100000001100110000100001010
  13   731  1111111111111111111111111111111100111111111111111111111111111111111011111111111111111111111111111111101111111111111111111111111111111111110111111111111111111111111111111110001111111111111111111111111111111100111111111111111111111111111111111111101001001000100000001100110000100001010
  14   732  1111111111111111111111111111111100111111111111111111111111111111111011111111111111111111111111111111101111111111111111111111111111111111110111111111111111111111111111111110001111111111111111111111111111111100111111111111111111111111111111111111101001001000100000001100110000100001010
  15   733  1111111111111111111111111111111100111111111111111111111111111111111011111111111111111111111111111111101111111111111111111111111111111111110111111111111111111111111111111110001111111111111111111111111111111100111111111111111111111111111111111111101001001000100000001100110000100001010
  16   734  1111111111111111111111111111111100111111111111111111111111111111111011111111111111111111111111111111101111111111111111111111111111111111110111111111111111111111111111111110001111111111111111111111111111111100111111111111111111111111111111111111101001001000100000001100110000100001010
  17   735  1111111111111111111111111111111100111111111111111111111111111111111011111111111111111111111111111111101111111111111111111111111111111111110111111111111111111111111111111110001111111111111111111111111111111100111111111111111111111111111111111111101001001000100000001100110000100001010
  18   736  1111111111111111111111111111111100111111111111111111111111111111111011111111111111111111111111111111101111111111111111111111111111111111110111111111111111111111111111111110001111111111111111111111111111111100111111111111111111111111111111111111101001001000100000001100110000100001010
  19   737  1111111111111111111111111111111100111111111111111111111111111111111011111111111111111111111111111111101111111111111111111111111111111111110111111111111111111111111111111110001111111111111111111111111111111100111111111111111111111111111111111111101001001000100000001100110000100001010
  20   738  1111111111111111111111111111111100111111111111111111111111111111111011111111111111111111111111111111101111111111111111111111111111111111110111111111111111111111111111111110001111111111111111111111111111111100111111111111111111111111111111111111101001001000100000001100110000100001010
  21   740  1111111111111111111111111111111100111111111111111111111111111111111011111111111111111111111111111111101111111111111111111111111111111111110111111111111111111111111111111110001111111111111111111111111111111100111111111111111111111111111111111111101001001000100000001100110000100001010
  22   741  1111111111111111111111111111111100111111111111111111111111111111111011111111111111111111111111111111101111111111111111111111111111111111110111111111111111111111111111111110001111111111111111111111111111111100111111111111111111111111111111111111101001001000100000001100110000100001010
  23   742  1111111111111111111111111111111100111111111111111111111111111111111011111111111111111111111111111111101111111111111111111111111111111111110111111111111111111111111111111110001111111111111111111111111111111100111111111111111111111111111111111111101001001000100000001100110000100001010
  24   743  1111111111111111111111111111111100111111111111111111111111111111111011111111111111111111111111111111101111111111111111111111111111111111110111111111111111111111111111111110001111111111111111111111111111111100111111111111111111111111111111111111101001001000100000001100110000100001010
  25   744  1111111111111111111111111111111100111111111111111111111111111111111011111111111111111111111111111111101111111111111111111111111111111111110111111111111111111111111111111110001111111111111111111111111111111100111111111111111111111111111111111111101001001000100000001100110000100001010
  26   745  1111111111111111111111111111111100111111111111111111111111111111111011111111111111111111111111111111101111111111111111111111111111111111110111111111111111111111111111111110001111111111111111111111111111111100111111111111111111111111111111111111101001001000100000001100110000100001010
  27   746  1111111111111111111111111111111100111111111111111111111111111111111011111111111111111111111111111111101111111111111111111111111111111111110111111111111111111111111111111110001111111111111111111111111111111100111111111111111111111111111111111111101001001000100000001100110000100001010
  28   747  1111111111111111111111111111111100111111111111111111111111111111111011111111111111111111111111111111101111111111111111111111111111111111110111111111111111111111111111111110001111111111111111111111111111111100111111111111111111111111111111111111101001001000100000001100110000100001010
  29   748  1111111111111111111111111111111100111111111111111111111111111111111011111111111111111111111111111111101111111111111111111111111111111111110111111111111111111111111111111110001111111111111111111111111111111100111111111111111111111111111111111111101001001000100000001100110000100001010
  30   757  1111111111111111111111111111111100111111111111111111111111111111111011111111111111111111111111111111101111111111111111111111111111111111110111111111111111111111111111111110001111111111111111111111111111111100111111111111111111111111111111111111101001001000100000001100110000100001010
  31   758  1111111111111111111111111111111100111111111111111111111111111111111011111111111111111111111111111111101111111111111111111111111111111111110111111111111111111111111111111110001111111111111111111111111111111100111111111111111111111111111111111111101001001000100000001100110000100001010
  32   759  1111111111111111111111111111111100111111111111111111111111111111111011111111111111111111111111111111101111111111111111111111111111111111110111111111111111111111111111111110001111111111111111111111111111111100111111111111111111111111111111111111101001001000100000001100110000100001010
  33   863  1111111111111111111111111111111100111111111111111111111111111111111011111111111111111111111111111111101111111111111111111111111111111111110111111111111111111111111111111110001111111111111111111111111111111100111111111111111111111111111111111111101001001000100000001100110000100001010
  34   864  1111111111111111111111111111111100111111111111111111111111111111111011111111111111111111111111111111101111111111111111111111111111111111110111111111111111111111111111111110001111111111111111111111111111111100111111111111111111111111111111111111101001001000100000001100110000100001010
  35   865  1111111111111111111111111111111100111111111111111111111111111111111011111111111111111111111111111111101111111111111111111111111111111111110111111111111111111111111111111110001111111111111111111111111111111100111111111111111111111111111111111111101001001000100000001100110000100001010
  36   866  1111111111111111111111111111111100111111111111111111111111111111111011111111111111111111111111111111101111111111111111111111111111111111110111111111111111111111111111111110001111111111111111111111111111111100111111111111111111111111111111111111101001001000100000001100110000100001010
  37   867  1111111111111111111111111111111100111111111111111111111111111111111011111111111111111111111111111111101111111111111111111111111111111111110111111111111111111111111111111110001111111111111111111111111111111100111111111111111111111111111111111111101001001000100000001100110000100001010
  38   868  1111111111111111111111111111111100111111111111111111111111111111111011111111111111111111111111111111101111111111111111111111111111111111110111111111111111111111111111111110001111111111111111111111111111111100111111111111111111111111111111111111101001001000100000001100110000100001010
  39   869  1111111111111111111111111111111100111111111111111111111111111111111011111111111111111111111111111111101111111111111111111111111111111111110111111111111111111111111111111110001111111111111111111111111111111100111111111111111111111111111111111111101001001000100000001100110000100001010
  40   870  1111111111111111111111111111111100111111111111111111111111111111111011111111111111111111111111111111101111111111111111111111111111111111110111111111111111111111111111111110001111111111111111111111111111111100111111111111111111111111111111111111101001001000100000001100110000100001010
  41   871  1111111111111111111111111111111100111111111111111111111111111111111011111111111111111111111111111111101111111111111111111111111111111111110111111111111111111111111111111110001111111111111111111111111111111100111111111111111111111111111111111111101001001000100000001100110000100001010
  42   872  1111111111111111111111111111111100111111111111111111111111111111111011111111111111111111111111111111101111111111111111111111111111111111110111111111111111111111111111111110001111111111111111111111111111111100111111111111111111111111111111111111101001001000100000001100110000100001010
  43   873  1111111111111111111111111111111100111111111111111111111111111111111011111111111111111111111111111111101111111111111111111111111111111111110111111111111111111111111111111110001111111111111111111111111111111100111111111111111111111111111111111111101001001000100000001100110000100001010
  44   874  1111111111111111111111111111111100111111111111111111111111111111111011111111111111111111111111111111101111111111111111111111111111111111110111111111111111111111111111111110001111111111111111111111111111111100111111111111111111111111111111111111101001001000100000001100110000100001010
  45   875  1111111111111111111111111111111100111111111111111111111111111111111011111111111111111111111111111111101111111111111111111111111111111111110111111111111111111111111111111110001111111111111111111111111111111100111111111111111111111111111111111111101001001000100000001100110000100001010
  46   876  1111111111111111111111111111111100111111111111111111111111111111111011111111111111111111111111111111101111111111111111111111111111111111110111111111111111111111111111111110001111111111111111111111111111111100111111111111111111111111111111111111101001001000100000001100110000100001010
  47   877  1111111111111111111111111111111100111111111111111111111111111111111011111111111111111111111111111111101111111111111111111111111111111111110111111111111111111111111111111110001111111111111111111111111111111100111111111111111111111111111111111111101001001000100000001100110000100001010
  48   878  1111111111111111111111111111111100111111111111111111111111111111111011111111111111111111111111111111101111111111111111111111111111111111110111111111111111111111111111111110001111111111111111111111111111111100111111111111111111111111111111111111101001001000100000001100110000100001010
  49   879  1111111111111111111111111111111100111111111111111111111111111111111011111111111111111111111111111111101111111111111111111111111111111111110111111111111111111111111111111110001111111111111111111111111111111100111111111111111111111111111111111111101001001000100000001100110010100001010
  50   880  1111111111111111111111111111111100111111111111111111111111111111111011111111111111111111111111111111101111111111111111111111111111111111110111111111111111111111111111111110001111111111111111111111111111111100111111111111111111111111111111111111101001001000100000001100110010100001010
  51   881  1111111111111111111111111111111100111111111111111111111111111111111011111111111111111111111111111111101111111111111111111111111111111111110111111111111111111111111111111110001111111111111111111111111111111100111111111111111111111111111111111111101001001000100000000100110010100001010
  52   882  1111111111111111111111111111111100111111111111111111111111111111111011111111111111111111111111111111101111111111111111111111111111111111110111111111111111111111111111111110001111111111111111111111111111111100111111111111111111111111111111111111101001001000100000000100110010010001010
  53   883  1111111111111111111111111111111100111111111111111111111111111111111011111111111111111111111111111111101111111111111111111111111111111111110111111111111111111111111111111110001111111111111111111111111111111100111111111111111111111111111111111111101001001000100000000100110010010001010
  54   884  1111111111111111111111111111111100111111111111111111111111111111111011111111111111111111111111111111101111111111111111111111111111111111110111111111111111111111111111111110001111111111111111111111111111111100111111111111111111111111111111111111101001001000100000000100110010010001010
  55   885  1111111111111111111111111111111100111111111111111111111111111111111011111111111111111111111111111111101111111111111111111111111111111111110111111111111111111111111111111110001111111111111111111111111111111100111111111111111111111111111111111111101001001000100000000100110010010001010
  56   886  1111111111111111111111111111111100111111111111111111111111111111111011111111111111111111111111111111101111111111111111111111111111111111110111111111111111111111111111111110001111111111111111111111111111111100111111111111111111111111111111111111101001001000100000000100110010010001010
  57   887  1111111111111111111111111111111100111111111111111111111111111111111011111111111111111111111111111111101111111111111111111111111111111111110111111111111111111111111111111110001111111111111111111111111111111100111111111111111111111111111111111111101001001000100000000100110010010001010
  58   888  1111111111111111111111111111111100111111111111111111111111111111111011111111111111111111111111111111101111111111111111111111111111111111110111111111111111111111111111111110001111111111111111111111111111111100111111111111111111111111111111111111101001001000100000000100110010010001010
  59  4023  1111111111111111111111111111111100111111111111111111111111111111111011111111111111111111111111111111101111111111111111111111111111111111110111111111111111111111111111111110001111111111111111111111111111111100111111111111111111111111111111111111101001001000100000000100110010010001010