   0     0
   1     1
   2     2
   3    33
   4    34
   5    35
   6    36
   7    37
   8    38
   9    39
  10    40
  11    41
  12    42
  13    43
  14    44
  15    45
  16    46
  17    47
  18    48
  19    49
  20    50
  21    51
  22    52
  23    57
  24    58
  25    59
  26    86
  27    87
  28    90
  29    91
  30    92
  31    93
  32    95
  33    96
  34    97
  35    98
  36    99
  37   100
  38   101
  39   102
  40   103
  41   104
  42   134
  43   135
  44    35
  45    36
  46    37
  47    38
  48    39
  49    40
  50    41
  51    42
  52    43
  53    44
  54    45
  55    46
  56    47
  57    48
  58    49
  59    50
  60    51
  61    52
  62    57
  63    58
  64    59
  65    86
  66    87
  67    90
  68    91
  69    92
  70    93
  71    95
  72    96
  73    97
  74    98
  75    99
  76   100
  77   101
  78   102
  79   103
  80   104
  81   105
  82   106
  83   107
  84   108
  85   109
  86   110
  87   111
  88   112
  89   114
  90   115
  91   116
  92   117
  93   118
  94   119
  95   123
  96   124
  97   125
  98   126
  99   127
 100   128
 101   131
 102   132
 103   133
 104   136
 105   137
 106   138
 107   139
 108   140
 109   160
 110   161
 111   162
 112   163
 113   164
 114   165
 115   166
 116   167
 117   168
 118   238
 119   239
 120   240
 121   241
 122   242
 123   243
 124   252
 125   253
 126   254
 127   255
 128   256
 129   257
 130   258
 131   259
 132   260
 133   917
 134   918
 135   919
 136   920
 137   921
 138   922
 139   923
 140   924
 141   925
 142   926
 143   927
 144   928
 145   929
 146   930
 147   931
 148   932
 149   933
 150   934
 151   935
 152   936
 153   941
 154   942
 155   943
 156   970
 157   971
 158   974
 159   975
 160   976
 161   977
 162   979
 163   980
 164   981
 165   982
 166   983
 167   984
 168   985
 169   986
 170   987
 171   988
 172  3145
 173  3146
 174  3147
 175  3148
 176  3157
 177  3158
 178  3159
 179  3160
 180  3161
 181  3162
 182  3163
 183  3164
 184  3165
 185  3369
 186  3370
 187   919
 188   920
 189   921
 190   922
 191   923
 192   924
 193   925
 194   926
 195   927
 196   928
 197   929
 198   930
 199   931
 200   932
 201   933
 202   934
 203   935
 204   936
 205   941
 206   942
 207   943
 208   970
 209   971
 210   974
 211   975
 212   976
 213   977
 214   979
 215   980
 216   981
 217   982
 218   983
 219   984
 220   985
 221   986
 222   987
 223   988
 224   989
 225   990
 226   991
 227   992
 228   993
 229   994
 230   995
 231   996
 232   997
 233   998
 234   999
 235  1000
 236  1001
 237  1002
 238  1003
 239  1004
 240  1005
 241  1006
 242  1007
 243  1008
 244  1009
 245  1010
 246  1011
 247  1012
 248  1013
 249  1015
 250  1016
 251  1017
 252  1018
 253  1019
 254  1020
 255  1021
 256  1022
 257  1023
 258  1024
 259  1025
 260  1026
 261  1027
 262  1028
 263  1029
 264  1030
 265  1032
 266  1033
 267  1034
 268  1035
 269  1036
 270  1037
 271  1038
 272  1039
 273  1040
 274  1042
 275  1043
 276  1044
 277  1045
 278  1046
 279  1047
 280  1048
 281  1049
 282  1050
 283  1051
 284  1052
 285  1054
 286  1055
 287  1056
 288  1057
 289  1058
 290  1060
 291  1061
 292  1062
 293  1063
 294  1064
 295  1065
 296  1066
 297  1067
 298  1068
 299  1069
 300  1071
 301  1072
 302  1073
 303  1074
 304  1075
 305  1076
 306  1077
 307  1078
 308  1080
 309  1081
 310  1082
 311  1083
 312  1084
 313  1085
 314  1086
 315  1087
 316  1088
 317  1089
 318  1090
 319  1091
 320  1092
 321  1093
 322  1094
 323  1095
 324  1096
 325  1097
 326  1098
 327  1099
 328  1100
 329  1101
 330  1102
 331  1103
 332  1104
 333  1105
 334  1106
 335  1107
 336  1108
 337  1139
 338  1140
 339  1141
 340  1142
 341  1143
 342  1144
 343  1145
 344  1146
 345  1147
 346  1148
 347  1149
 348  1150
 349  1151
 350  1152
 351  1153
 352  1154
 353  1155
 354  1156
 355  1157
 356  1158
 357  1163
 358  1164
 359  1165
 360  1192
 361  1193
 362  1196
 363  1197
 364  1198
 365  1199
 366  1201
 367  1202
 368  1203
 369  1204
 370  1205
 371  1206
 372  1207
 373  1208
 374  1209
 375  1210
 376  1240
 377  1241
 378  1141
 379  1142
 380  1143
 381  1144
 382  1145
 383  1146
 384  1147
 385  1148
 386  1149
 387  1150
 388  1151
 389  1152
 390  1153
 391  1154
 392  1155
 393  1156
 394  1157
 395  1158
 396  1163
 397  1164
 398  1165
 399  1166
 400  1167
 401  1168
 402  1173
 403  1174
 404  1175
 405  1192
 406  1193
 407  1196
 408  1197
 409  1198
 410  1199
 411  1201
 412  1202
 413  1203
 414  1204
 415  1205
 416  1206
 417  1207
 418  1208
 419  1209
 420  1210
 421  1211
 422  1212
 423  1213
 424  1214
 425  1215
 426  1216
 427  1217
 428  1218
 429  1220
 430  1221
 431  1222
 432  1223
 433  1224
 434  1225
 435  1229
 436  1230
 437  1231
 438  1237
 439  1238
 440  1239
 441  1242
 442  1243
 443  1244
 444  1245
 445  1246
 446  1266
 447  1267
 448  1268
 449  1269
 450  1270
 451  1271
 452  1272
 453  1273
 454  1274
 455  1275
 456  1276
 457  1277
 458  1278
 459  1279
 460  1280
 461  1281
 462  1282
 463  1284
 464  1285
 465  1286
 466  1287
 467  1288
 468  1289
 469  1294
 470  1295
 471  1296
 472  1303
 473  1304
 474  1323
 475  1324
 476  1325
 477  1326
 478  1327
 479  1329
 480  1330
 481  1331
 482  1332
 483  1333
 484  1335
 485  1336
 486  1337
 487  1338
 488  1339
 489  1340
 490  1341
 491  1342
 492  1343
 493  1345
 494  1346
 495  1347
 496  1350
 497  1351
 498  1352
 499  1353
 500  1354
 501  1355
 502  1356
 503  1357
 504  1358
 505  1361
 506  1362
 507  1363
 508  1364
 509  1365
 510  1366
 511  1367
 512  1369
 513  1370
 514  1371
 515  1372
 516  1373
 517  1374
 518  1375
 519  1376
 520  1378
 521  1379
 522  1380
 523  1381
 524  1382
 525  1383
 526  1384
 527  1385
 528  1386
 529  1387
 530  1388
 531  1389
 532  1390
 533  1391
 534  1393
 535  1394
 536  1395
 537  1396
 538  1397
 539  1398
 540  1399
 541  1400
 542  1401
 543  1692
 544  1693
 545  1694
 546  1695
 547  1696
 548  1697
 549  1698
 550  1699
 551  1700
 552  1701
 553  1702
 554  1703
 555  1704
 556  1705
 557  1706
 558  1707
 559  1708
 560  2163
 561  2164
 562  2165
 563  2166
 564  2167
 565  2168
 566  2169
 567  2170
 568  2171
 569  2172
 570  2173
 571  2174
 572  2175
 573  2176
 574  2177
 575  2178
 576  2179
 577  2180
 578  2181
 579  2182
 580  2183
 581  2184
 582  2185
 583  2186
 584  2187
 585  2188
 586  2189
 587  2190
 588  2191
 589  2192
 590  2193
 591  2604
 592  2606
 593  2607
 594  2608
 595  2609
 596  2610
 597  2612
 598  2613
 599  2614
 600  2615
 601  2616
 602  2617
 603  2618
 604  2619
 605  2620
 606  2623
 607  2624
 608  2625
 609  2626
 610  3069
 611  3070
 612  3071
 613  3072
 614  3073
 615  3074
 616  3075
 617  3076
 618  3077
 619  2180
 620  2181
 621  2182
 622  2183
 623  2184
 624  2185
 625  2186
 626  2187
 627  2188
 628  3078
 629  3079
 630  3080
 631  3081
 632  3082
 633  3083
 634  3084
 635  3085
 636  3086
 637  3087
 638  3088
 639  3089
 640  3090
 641  3091
 642  3092
 643  3093
 644  3098
 645  3099
 646  3100
 647  3127
 648  3128
 649  3131
 650  3132
 651  3133
 652  3134
 653  3136
 654  3137
 655  3138
 656  3139
 657  3140
 658  3141
 659  3142
 660  3143
 661  2166
 662  2167
 663  2168
 664  2169
 665  2170
 666  2171
 667  2172
 668  2173
 669  2174
 670  2175
 671  2176
 672  2177
 673  2178
 674  2179
 675  2180
 676  2181
 677  2182
 678  2183
 679  2184
 680  2185
 681  2186
 682  2187
 683  2188
 684  2189
 685  2190
 686  2191
 687  2192
 688  2193
 689  2604
 690  2606
 691  2607
 692  2608
 693  2609
 694  2610
 695  2612
 696  2613
 697  2614
 698  2615
 699  2616
 700  2617
 701  2618
 702  2619
 703  2620
 704  2623
 705  2624
 706  2627
 707  2628
 708  2629
 709  2630
 710  2631
 711  2632
 712  2633
 713  2634
 714  2635
 715  2636
 716  2637
 717  2638
 718  2639
 719  2640
 720  2641
 721  2642
 722  2643
 723  2644
 724  2645
 725  2646
 726  2647
 727  2648
 728  2649
 729  2651
 730  2652
 731  2653
 732  2654
 733  2655
 734  2656
 735  2657
 736  2658
 737  2659
 738  2660
 739  2661
 740  2662
 741  2663
 742  2664
 743  2665
 744  2666
 745  2667
 746  2668
 747  2669
 748  2670
 749  2671
 750  2672
 751  2673
 752  2674
 753  2675
 754  2676
 755  2677
 756  2678
 757  2679
 758  2680
 759  2681
 760  2682
 761  3069
 762  3070
 763  3071
 764  3072
 765  3073
 766  3074
 767  3075
 768  3076
 769  3077
 770  2180
 771  2181
 772  2182
 773  2183
 774  2184
 775  2185
 776  2186
 777  2187
 778  2188
 779  2189
 780  2190
 781  2191
 782  2194
 783  2195
 784  2196
 785  2197
 786  2198
 787  2199
 788  2200
 789  2201
 790  2202
 791  2203
 792  2206
 793  2207
 794  2208
 795  2209
 796  2210
 797  2211
 798  2212
 799  2213
 800  2214
 801  2215
 802  2216
 803  2217
 804  2218
 805  2219
 806  2220
 807  2221
 808  2222
 809  2223
 810  2224
 811  2225
 812  2226
 813  2227
 814  2228
 815  2230
 816  2231
 817  2232
 818  2233
 819  2234
 820  2235
 821  2236
 822  2237
 823  2238
 824  2239
 825  2240
 826  2241
 827  2242
 828  2243
 829  2244
 830  2245
 831  2246
 832  2247
 833  2248
 834  2249
 835  2250
 836  2251
 837  2252
 838  2253
 839  2254
 840  2255
 841  2256
 842  2257
 843  2258
 844  2259
 845  2260
 846  2261
 847  2604
 848  2606
 849  2607
 850  2608
 851  2609
 852  2610
 853  2612
 854  2613
 855  2614
 856  2615
 857  2616
 858  2617
 859  2618
 860  2619
 861  2620
 862  2623
 863  2624
 864  2627
 865  2628
 866  2629
 867  2630
 868  2631
 869  2632
 870  2633
 871  2634
 872  2635
 873  2636
 874  2637
 875  2638
 876  2639
 877  2640
 878  2641
 879  2642
 880  2643
 881  2644
 882  2645
 883  2646
 884  2647
 885  2648
 886  2649
 887  2651
 888  2652
 889  2653
 890  2654
 891  2655
 892  2656
 893  2657
 894  2658
 895  2659
 896  2660
 897  2661
 898  2662
 899  2663
 900  2664
 901  2665
 902  2666
 903  2667
 904  2668
 905  2669
 906  2670
 907  2671
 908  2672
 909  2673
 910  2674
 911  2675
 912  2676
 913  2677
 914  2678
 915  2679
 916  2680
 917  2681
 918  2682
 919  3069
 920  3070
 921  3071
 922  3072
 923  3073
 924  3074
 925  3075
 926  3076
 927  3077
 928  2180
 929  2181
 930  2182
 931  2183
 932  2184
 933  2185
 934  2186
 935  2187
 936  2188
 937  3078
 938  3079
 939  3080
 940  3081
 941  3082
 942  3083
 943  3084
 944  3085
 945  3086
 946  3087
 947  3088
 948  3089
 949  3090
 950  3091
 951  3092
 952  3093
 953  3098
 954  3099
 955  3100
 956  3101
 957  3102
 958  3103
 959  3108
 960  3109
 961  3110
 962  3127
 963  3128
 964  3131
 965  3132
 966  3133
 967  3134
 968  3136
 969  3137
 970  3138
 971  3139
 972  3140
 973  3141
 974  3142
 975  3143
 976  2166
 977  2167
 978  2168
 979  2169
 980  2170
 981  2171
 982  3144
 983  3433
