   0     0
   1     1
   2     2
   3    33
   4    34
   5    35
   6    36
   7    37
   8    38
   9    39
  10    40
  11    41
  12    42
  13    43
  14    44
  15    45
  16    46
  17    47
  18    48
  19    49
  20    50
  21    51
  22    52
  23    53
  24    54
  25    55
  26    56
  27    86
  28    87
  29    88
  30    89
  31   101
  32   102
  33   103
  34   104
  35   134
  36   135
  37    35
  38    36
  39    37
  40    38
  41    39
  42    40
  43    41
  44    42
  45    43
  46    44
  47    45
  48    46
  49    47
  50    48
  51    49
  52    50
  53    51
  54    52
  55    53
  56    54
  57    55
  58    56
  59    86
  60    87
  61    88
  62    89
  63   101
  64   102
  65   103
  66   104
  67   105
  68   106
  69   107
  70   108
  71   109
  72   110
  73   111
  74   112
  75   114
  76   115
  77   116
  78   117
  79   118
  80   119
  81   123
  82   124
  83   125
  84   126
  85   127
  86   128
  87   129
  88   130
  89   131
  90   132
  91   133
  92   138
