   0     0  0000000000000000001000000111001000100001011110000000000011101100110000000000011001000000000000001001000000000000000000011010001100101010000100000000000001010110010000110100001000000000000000000011001100001000010000000000000111100000100001010000101001011010100000000000001000100000000
   1     1  0000000000000000001000000111001000100001011110000000000011101100110000000000011001000000000000001001000000000000000000011010001100101010000100000000000001010110010000110100001000000000000000000011001100001000010000000000000111100000100001010000101001011010100000000000001000100000000
   2     2  0000000000000000001000000111001000100001011110000000000011101100110000000000011001000000000000001001000000000000000000011010001100101010000100000000000001010110010000110100001000000000000000000011001100001000010000000000000111100000100001010000101001011010100000000000001000100000000
   3    33  0000000000000000001000000111001000100001011110000000000011101100110000000000011001000000000000001001000000000000000000011010001100101010000100000000000001010110010000110100001000000000000000000011001100001000010000000000000111100000100001010000101001011010100000000000001000100000000
   4    34  0000000000000000001000000111001000100001011110000000000011101100110000000000011001000000000000001001000000000000000000011010001100101010000100000000000001010110010000110100001000000000000000000011001100001000010000000000000111100000100001010000101001011010100000000000001000100000000
   5    35  0000000000000000001000000111001000100001011110000000000011101100110000000000011001000000000000001001000000000000000000011010001100101010000100000000000001010110010000110100001000000000000000000011001100001000010000000000000111100000100001010000101001011010100000000000001000100000000
   6    36  0000000000000000001000000111001000100001011110000000000011101100110000000000011001000000000000001001000000000000000000011010001100101010000100000000000001010110010000110100001000000000000000000011001100001000010000000000000111100000100001010000101001011010100000000000001000100000000
   7    37  0000000000000000001000000111001000100001011110000000000011101100110000000000011001000000000000001001000000000000000000011010001100101010000100000000000001010110010000110100001000000000000000000011001100001000010000000000000111100000100001010000101001011010100000000000001000100000000
   8    38  0000000000000000001000000111001000100001011110000000000011101100110000000000011001000000000000001001000000000000000000011010001100101010000100000000000001010110010000110100001000000000000000000011001100001000010000000000000111100000100001010000101001011010100000000000001000100000000
   9    39  0000000000000000001000000111001000100001011110000000000011101100110000000000011001000000000000001001000000000000000000011010001100101010000100000000000001010110010000110100001000000000000000000011001100001000010000000000000111100000100001010000101001011010100000000000001000100000000
  10    40  0000000000000000001000000111001000100001011110000000000011101100110000000000011001000000000000001001000000000000000000011010001100101010000100000000000001010110010000110100001000000000000000000011001100001000010000000000000111100000100001010000101001011010100000000000001000100000000
  11    41  0000000000000000001000000111001000100001011110000000000011101100110000000000011001000000000000001001000000000000000000011010001100101010000100000000000001010110010000110100001000000000000000000011001100001000010000000000000111100000100001010000101001011010100000000000001000100000000
  12    42  0000000000000000001000000111001000100001011110000000000011101100110000000000011001000000000000001001000000000000000000011010001100101010000100000000000001010110010000110100001000000000000000000011001100001000010000000000000111100000100001010000101001011010100000000000001000100000000
  13    43  0000000000000000001000000111001000100001011110000000000011101100110000000000011001000000000000001001000000000000000000011010001100101010000100000000000001010110010000110100001000000000000000000011001100001000010000000000000111100000100001010000101001011010100000000000001000100000000
  14    44  0000000000000000001000000111001000100001011110000000000011101100110000000000011001000000000000001001000000000000000000011010001100101010000100000000000001010110010000110100001000000000000000000011001100001000010000000000000111100000100001010000101001011010100000000000001000100000000
  15    45  0000000000000000001000000111001000100001011110000000000011101100110000000000011001000000000000001001000000000000000000011010001100101010000100000000000001010110010000110100001000000000000000000011001100001000010000000000000111100000100001010000101001011010100000000000001000100000000
  16    46  0000000000000000001000000111001000100001011110000000000011101100110000000000011001000000000000001001000000000000000000011010001100101010000100000000000001010110010000110100001000000000000000000011001100001000010000000000000111100000100001010000101001011010100000000000001000100000000
  17    47  0000000000000000001000000111001000100001011110000000000011101100110000000000011001000000000000001001000000000000000000011010001100101010000100000000000001010110010000110100001000000000000000000011001100001000010000000000000111100000100001010000101001011010100000000000001000100000000
  18    48  0000000000000000001000000111001000100001011110000000000011101100110000000000011001000000000000001001000000000000000000011010001100101010000100000000000001010110010000110100001000000000000000000011001100001000010000000000000111100000100001010000101001011010100000000000001000100000000
  19    49  0000000000000000001000000111001000100001011110000000000011101100110000000000011001000000000000001001000000000000000000011010001100101010000100000000000001010110010000110100001000000000000000000011001100001000010000000000000111100000100001010000101001011010100000000000001000100000000
  20    50  0000000000000000001000000111001000100001011110000000000011101100110000000000011001000000000000001001000000000000000000011010001100101010000100000000000001010110010000110100001000000000000000000011001100001000010000000000000111100000100001010000101001011010100000000000001000100000000
  21    51  0000000000000000001000000111001000100001011110000000000011101100110000000000011001000000000000001001000000000000000000011010001100101010000100000000000001010110010000110100001000000000000000000011001100001000010000000000000111100000100001010000101001011010100000000000001000100000000
  22    52  0000000000000000001000000111001000100001011110000000000011101100110000000000011001000000000000001001000000000000000000011010001100101010000100000000000001010110010000110100001000000000000000000011001100001000010000000000000111100000100001010000101001011010100000000000001000100000000
  23    53  0000000000000000001000000111001000100001011110000000000011101100110000000000011001000000000000001001000000000000000000011010001100101010000100000000000001010110010000110100001000000000000000000011001100001000010000000000000111100000100001010000101001011010100000000000001000100000000
  24    54  0000000000000000001000000111001000100001011110000000000011101100110000000000011001000000000000001001000000000000000000011010001100101010000100000000000001010110010000110100001000000000000000000011001100001000010000000000000111100000100001010000101001011010100000000000001000100000000
  25    55  0000000000000000001000000111001000100001011110000000000011101100110000000000011001000000000000001001000000000000000000011010001100101010000100000000000001010110010000110100001000000000000000000011001100001000010000000000000111100000100001010000101001011010100000000000001000100000000
  26    56  0000000000000000001000000111001000100001011110000000000011101100110000000000011001000000000000001001000000000000000000011010001100101010000100000000000001010110010000110100001000000000000000000011001100001000010000000000000111100000100001010000101001011010100000000000001000100000000
  27    57  0000000000000000001000000111001000100001011110000000000011101100110000000000011001000000000000001001000000000000000000011010001100101010000100000000000001010110010000110100001000000000000000000011001100001000010000000000000111100000100001010000101001011010100000000000001000100000000
  28    87  0000000000000000001000000111001000100001011110000000000011101100110000000000011001000000000000001001000000000000000000011010001100101010000100000000000001010110010000110100001000000000000000000011001100001000010000000000000111100000100001010000101001011010100000000000001000100000000
  29    88  0000000000000000001000000111001000100001011110000000000011101100110000000000011001000000000000001001000000000000000000011010001100101010000100000000000001010110010000110100001000000000000000000011001100001000010000000000000111100000100001010000101001011010100000000000001000100000000
  30    89  0000000000000000001000000111001000100001011110000000000011101100110000000000011001000000000000001001000000000000000000011010001100101010000100000000000001010110010000110100001000000000000000000011001100001000010000000000000111100000100001010000101001011010100000000000001000100000000
  31    90  0000000000000000001000000111001000100001011110000000000011101100110000000000011001000000000000001001000000000000000000011010001100101010000100000000000001010110010000110100001000000000000000000011001100001000010000000000000111100000100001010000101001011010100000000000001000100000000
  32   100  0000000000000000001000000111001000100001011110000000000011101100110000000000011001000000000000001001000000000000000000011010001100101010000100000000000001010110010000110100001000000000000000000011001100001000010000000000000111100000100001010000101001011010100000000000001000100000000
  33   101  0000000000000000001000000111001000100001011110000000000011101100110000000000011001000000000000001001000000000000000000011010001100101010000100000000000001010110010000110100001000000000000000000011001100001000010000000000000111100000100001010000101001011010100000000000001000100000000
  34   102  0000000000000000001000000111001000100001011110000000000011101100110000000000011001000000000000001001000000000000000000011010001100101010000100000000000001010110010000110100001000000000000000000011001100001000010000000000000111100000100001010000101001011010100000000000001000100000000
  35   103  0000000000000000001000000111001000100001011110000000000011101100110000000000011001000000000000001001000000000000000000011010001100101010000100000000000001010110010000110100001000000000000000000011001100001000010000000000000111100000100001010000101001011010100000000000001000100000000
  36   134  0000000000000000001000000111001000100001011110000000000011101100110000000000011001000000000000001001000000000000000000011010001100101010000100000000000001010110010000110100001000000000000000000011001100001000010000000000000111100000100001010000101001011010100000000000001000100000000
  37   135  0000000000000000001000000111001000100001011110000000000011101100110000000000011001000000000000001001000000000000000000011010001100101010000100000000000001010110010000110100001000000000000000000011001100001000010000000000000111100000100001010000101001011010100000000000001000100000000
  38    35  0000000000000000001000000111001000100001011110000000000011101100110000000000011001000000000000001001000000000000000000011010001100101010000100000000000001010110010000110100001000000000000000000011001100001000010000000000000111100000100001010000101001011010100000000000001000100000000
  39    36  0000000000000000001000000111001000100001011110000000000011101100110000000000011001000000000000001001000000000000000000011010001100101010000100000000000001010110010000110100001000000000000000000011001100001000010000000000000111100000100001010000101001011010100000000000001000100000000
  40    37  0000000000000000001000000111001000100001011110000000000011101100110000000000011001000000000000001001000000000000000000011010001100101010000100000000000001010110010000110100001000000000000000000011001100001000010000000000000111100000100001010000101001011010100000000000001000100000000
  41    38  0000000000000000001000000111001000100001011110000000000011101100110000000000011001000000000000001001000000000000000000011010001100101010000100000000000001010110010000110100001000000000000000000011001100001000010000000000000111100000100001010000101001011010100000000000001000100000000
  42    39  0000000000000000001000000111001000100001011110000000000011101100110000000000011001000000000000001001000000000000000000011010001100101010000100000000000001010110010000110100001000000000000000000011001100001000010000000000000111100000100001010000101001011010100000000000001000100000000
  43    40  0000000000000000001000000111001000100001011110000000000011101100110000000000011001000000000000001001000000000000000000011010001100101010000100000000000001010110010000110100001000000000000000000011001100001000010000000000000111100000100001010000101001011010100000000000001000100000000
  44    41  0000000000000000001000000111001000100001011110000000000011101100110000000000011001000000000000001001000000000000000000011010001100101010000100000000000001010110010000110100001000000000000000000011001100001000010000000000000111100000100001010000101001011010100000000000001000100000000
  45    42  0000000000000000001000000111001000100001011110000000000011101100110000000000011001000000000000001001000000000000000000011010001100101010000100000000000001010110010000110100001000000000000000000011001100001000010000000000000111100000100001010000101001011010100000000000001000100000000
  46    43  0000000000000000001000000111001000100001011110000000000011101100110000000000011001000000000000001001000000000000000000011010001100101010000100000000000001010110010000110100001000000000000000000011001100001000010000000000000111100000100001010000101001011010100000000000001000100000000
  47    44  0000000000000000001000000111001000100001011110000000000011101100110000000000011001000000000000001001000000000000000000011010001100101010000100000000000001010110010000110100001000000000000000000011001100001000010000000000000111100000100001010000101001011010100000000000001000100000000
  48    45  0000000000000000001000000111001000100001011110000000000011101100110000000000011001000000000000001001000000000000000000011010001100101010000100000000000001010110010000110100001000000000000000000011001100001000010000000000000111100000100001010000101001011010100000000000001000100000000
  49    46  0000000000000000001000000111001000100001011110000000000011101100110000000000011001000000000000001001000000000000000000011010001100101010000100000000000001010110010000110100001000000000000000000011001100001000010000000000000111100000100001010000101001011010100000000000001000100000000
  50    47  0000000000000000001000000111001000100001011110000000000011101100110000000000011001000000000000001001000000000000000000011010001100101010000100000000000001010110010000110100001000000000000000000011001100001000010000000000000111100000100001010000101001011010100000000000001000100000000
  51    48  0000000000000000001000000111001000100001011110000000000011101100110000000000011001000000000000001001000000000000000000011010001100101010000100000000000001010110010000110100001000000000000000000011001100001000010000000000000111100000100001010000101001011010100000000000001000100000000
  52    49  0000000000000000001000000111001000100001011110000000000011101100110000000000011001000000000000001001000000000000000000011010001100101010000100000000000001010110010000110100001000000000000000000011001100001000010000000000000111100000100001010000101001011010100000000000001000100000000
  53    50  0000000000000000001000000111001000100001011110000000000011101100110000000000011001000000000000001001000000000000000000011010001100101010000100000000000001010110010000110100001000000000000000000011001100001000010000000000000111100000100001010000101001011010100000000000001000100000000
  54    51  0000000000000000001000000111001000100001011110000000000011101100110000000000011001000000000000001001000000000000000000011010001100101010000100000000000001010110010000110100001000000000000000000011001100001000010000000000000111100000100001010000101001011010100000000000001000100000000
  55    52  0000000000000000001000000111001000100001011110000000000011101100110000000000011001000000000000001001000000000000000000011010001100101010000100000000000001010110010000110100001000000000000000000011001100001000010000000000000111100000100001010000101001011010100000000000001000100000000
  56    53  0000000000000000001000000111001000100001011110000000000011101100110000000000011001000000000000001001000000000000000000011010001100101010000100000000000001010110010000110100001000000000000000000011001100001000010000000000000111100000100001010000101001011010100000000000001000100000000
  57    54  0000000000000000001000000111001000100001011110000000000011101100110000000000011001000000000000001001000000000000000000011010001100101010000100000000000001010110010000110100001000000000000000000011001100001000010000000000000111100000100001010000101001011010100000000000001000100000000
  58    55  0000000000000000001000000111001000100001011110000000000011101100110000000000011001000000000000001001000000000000000000011010001100101010000100000000000001010110010000110100001000000000000000000011001100001000010000000000000111100000100001010000101001011010100000000000001000100000000
  59    56  0000000000000000001000000111001000100001011110000000000011101100110000000000011001000000000000001001000000000000000000011010001100101010000100000000000001010110010000110100001000000000000000000011001100001000010000000000000111100000100001010000101001011010100000000000001000100000000
  60    57  0000000000000000001000000111001000100001011110000000000011101100110000000000011001000000000000001001000000000000000000011010001100101010000100000000000001010110010000110100001000000000000000000011001100001000010000000000000111100000100001010000101001011010100000000000001000100000000
  61    87  0000000000000000001000000111001000100001011110000000000011101100110000000000011001000000000000001001000000000000000000011010001100101010000100000000000001010110010000110100001000000000000000000011001100001000010000000000000111100000100001010000101001011010100000000000001000100000000
  62    88  0000000000000000001000000111001000100001011110000000000011101100110000000000011001000000000000001001000000000000000000011010001100101010000100000000000001010110010000110100001000000000000000000011001100001000010000000000000111100000100001010000101001011010100000000000001000100000000
  63    89  0000000000000000001000000111001000100001011110000000000011101100110000000000011001000000000000001001000000000000000000011010001100101010000100000000000001010110010000110100001000000000000000000011001100001000010000000000000111100000100001010000101001011010100000000000001000100000000
  64    90  0000000000000000001000000111001000100001011110000000000011101100110000000000011001000000000000001001000000000000000000011010001100101010000100000000000001010110010000110100001000000000000000000011001100001000010000000000000111100000100001010000101001011010100000000000001000100000000
  65   100  0000000000000000001000000111001000100001011110000000000011101100110000000000011001000000000000001001000000000000000000011010001100101010000100000000000001010110010000110100001000000000000000000011001100001000010000000000000111100000100001010000101001011010100000000000001000100000000
  66   101  0000000000000000001000000111001000100001011110000000000011101100110000000000011001000000000000001001000000000000000000011010001100101010000100000000000001010110010000110100001000000000000000000011001100001000010000000000000111100000100001010000101001011010100000000000001000100000000
  67   102  0000000000000000001000000111001000100001011110000000000011101100110000000000011001000000000000001001000000000000000000011010001100101010000100000000000001010110010000110100001000000000000000000011001100001000010000000000000111100000100001010000101001011010100000000000001000100000000
  68   103  0000000000000000001000000111001000100001011110000000000011101100110000000000011001000000000000001001000000000000000000011010001100101010000100000000000001010110010000110100001000000000000000000011001100001000010000000000000111100000100001010000101001011010100000000000001000100000000
  69   104  0000000000000000001000000111001000100001011110000000000011101100110000000000011001000000000000001001000000000000000000011010001100101010000100000000000001010110010000110100001000000000000000000011001100001000010000000000000111100000100001010000101001011010100000000000001000100000000
  70   105  0000000000000000001000000111001000100001011110000000000011101100110000000000011001000000000000001001000000000000000000011010001100101010000100000000000001010110010000110100001000000000000000000011001100001000010000000000000111100000100001010000101001011010100000000000001000100000000
  71   106  0000000000000000001000000111001000100001011110000000000011101100110000000000011001000000000000001001000000000000000000011010001100101010000100000000000001010110010000110100001000000000000000000011001100001000010000000000000111100000100001010000101001011010100000000000001000100000000
  72   107  0000000000000000001000000111001000100001011110000000000011101100110000000000011001000000000000001001000000000000000000011010001100101010000100000000000001010110010000110100001000000000000000000011001100001000010000000000000111100000100001010000101001011010100000000000001000100000000
  73   108  0000000000000000001000000111001000100001011110000000000011101100110000000000011001000000000000001001000000000000000000011010001100101010000100000000000001010110010000110100001000000000000000000011001100001000010000000000000111100000100001010000101001011010100000000000001000100000000
  74   109  0000000000000000001000000111001000100001011110000000000011101100110000000000011001000000000000001001000000000000000000011010001100101010000100000000000001010110010000110100001000000000000000000011001100001000010000000000000111100000100001010000101001011010100000000000001000100000000
  75   110  0000000000000000001000000111001000100001011110000000000011101100110000000000011001000000000000001001000000000000000000011010001100101010000100000000000001010110010000110100001000000000000000000011001100001000010000000000000111100000100001010000101001011010100000000000001000100000000
  76   111  0000000000000000001000000111001000100001011110000000000011101100110000000000011001000000000000001001000000000000000000011010001100101010000100000000000001010110010000110100001000000000000000000011001100001000010000000000000111100000100001010000101001011010100000000000001000100000000
  77   112  0000000000000000001000000111001000100001011110000000000011101100110000000000011001000000000000001001000000000000000000011010001100101010000100000000000001010110010000110100001000000000000000000011001100001000010000000000000111100000100001010000101001011010100000000000001000100000000
  78   114  0000000000000000001000000111001000100001011110000000000011101100110000000000011001000000000000001001000000000000000000011010001100101010000100000000000001010110010000110100001000000000000000000011001100001000010000000000000111100000100001010000101001011010100000000000001000100000000
  79   115  0000000000000000001000000111001000100001011110000000000011101100110000000000011001000000000000001001000000000000000000011010001100101010000100000000000001010110010000110100001000000000000000000011001100001000010000000000000111100000100001010000101001011010100000000000001000100000000
  80   116  0000000000000000001000000111001000100001011110000000000011101100110000000000011001000000000000001001000000000000000000011010001100101010000100000000000001010110010000110100001000000000000000000011001100001000010000000000000111100000100001010000101001011010100000000000001000100000000
  81   117  0000000000000000001000000111001000100001011110000000000011101100110000000000011001000000000000001001000000000000000000011010001100101010000100000000000001010110010000110100001000000000000000000011001100001000010000000000000111100000100001010000101001011010100000000000001000100000000
  82   118  0000000000000000001000000111001000100001011110000000000011101100110000000000011001000000000000001001000000000000000000011010001100101010000100000000000001010110010000110100001000000000000000000011001100001000010000000000000111100000100001010000101001011010100000000000001000100000000
  83   119  0000000000000000001000000111001000100001011110000000000011101100110000000000011001000000000000001001000000000000000000011010001100101010000100000000000001010110010000110100001000000000000000000011001100001000010000000000000111100000100001010000101001011010100000000000001000100000000
  84   123  0000000000000000001000000111001000100001011110000000000011101100110000000000011001000000000000001001000000000000000000011010001100101010000100000000000001010110010000110100001000000000000000000011001100001000010000000000000111100000100001010000101001011010100000000000001000100000000
  85   124  0000000000000000001000000111001000100001011110000000000011101100110000000000011001000000000000001001000000000000000000011010001100101010000100000000000001010110010000110100001000000000000000000011001100001000010000000000000111100000100001010000101001011010100000000000001000100000000
  86   125  0000000000000000001000000111001000100001011110000000000011101100110000000000011001000000000000001001000000000000000000011010001100101010000100000000000001010110010000110100001000000000000000000011001100001000010000000000000111100000100001010000101001011010100000000000001000100000000
  87   126  0000000000000000001000000111001000100001011110000000000011101100110000000000011001000000000000001001000000000000000000011010001100101010000100000000000001010110010000110100001000000000000000000011001100001000010000000000000111100000100001010000101001011010100000000000001000100000000
  88   127  0000000000000000001000000111001000100001011110000000000011101100110000000000011001000000000000001001000000000000000000011010001100101010000100000000000001010110010000110100001000000000000000000011001100001000010000000000000111100000100001010000101001011010100000000000001000100000000
  89   128  0000000000000000001000000111001000100001011110000000000011101100110000000000011001000000000000001001000000000000000000011010001100101010000100000000000001010110010000110100001000000000000000000011001100001000010000000000000111100000100001010000101001011010100000000000001000100000000
  90   129  0000000000000000001000000111001000100001011110000000000011101100110000000000011001000000000000001001000000000000000000011010001100101010000100000000000001010110010000110100001000000000000000000011001100001000010000000000000111100000100001010000101001011010100000000000001000100000000
  91   130  0000000000000000001000000111001000100001011110000000000011101100110000000000011001000000000000001001000000000000000000011010001100101010000100000000000001010110010000110100001000000000000000000011001100001000010000000000000111100000100001010000101001011010100000000000001000100000000
  92   131  0000000000000000001000000111001000100001011110000000000011101100110000000000011001000000000000001001000000000000000000011010001100101010000100000000000001010110010000110100001000000000000000000011001100001000010000000000000111100000100001010000101001011010100000000000001000100000000
  93   132  0000000000000000001000000111001000100001011110000000000011101100110000000000011001000000000000001001000000000000000000011010001100101010000100000000000001010110010000110100001000000000000000000011001100001000010000000000000111100000100001010000101001011010100000000000001000100000000
  94   133  0000000000000000001000000111001000100001011110000000000011101100110000000000011001000000000000001001000000000000000000011010001100101010000100000000000001010110010000110100001000000000000000000011001100001000010000000000000111100000100001010000101001011010100000000000001000100000000
  95   136  0000000000000000001000000111001000100001011110000000000011101100110000000000011001000000000000001001000000000000000000011010001100101010000100000000000001010110010000110100001000000000000000000011001100001000010000000000000111100000100001010000101001011010100000000000001000100000000