   0     0  0000000000000000000000000000000000000000000000000000000000000000001110000000000000000000000000000000011000000000000000000000000000000000101000000000000000000000000000000001000000000000000000000000000000000001100000000000000000000000000000000010000000000000000000000000000000000001001
   1     1  0000000000000000000000000000000000000000000000000000000000000000001110000000000000000000000000000000011000000000000000000000000000000000101000000000000000000000000000000001000000000000000000000000000000000001100000000000000000000000000000000010000000000000000000000000000000000001001
   2     2  0000000000000000000000000000000000000000000000000000000000000000001110000000000000000000000000000000011000000000000000000000000000000000101000000000000000000000000000000001000000000000000000000000000000000001100000000000000000000000000000000010000000000000000000000000000000000001001
   3     3  0000000000000000000000000000000000000000000000000000000000000000001110000000000000000000000000000000011000000000000000000000000000000000101000000000000000000000000000000001000000000000000000000000000000000001100000000000000000000000000000000010000000000000000000000000000000000001001
   4     4  0000000000000000000000000000000000000000000000000000000000000000001110000000000000000000000000000000011000000000000000000000000000000000101000000000000000000000000000000001000000000000000000000000000000000001100000000000000000000000000000000010000000000000000000000000000000000001001
   5     5  0000000000000000000000000000000000000000000000000000000000000000001110000000000000000000000000000000011000000000000000000000000000000000101000000000000000000000000000000001000000000000000000000000000000000001100000000000000000000000000000000010000000000000000000000000000000000001001
   6     6  0000000000000000000000000000000000000000000000000000000000000000001110000000000000000000000000000000011000000000000000000000000000000000101000000000000000000000000000000001000000000000000000000000000000000001100000000000000000000000000000000010000000000000000000000000000000000001001
   7     7  0000000000000000000000000000000000000000000000000000000000000000001110000000000000000000000000000000011000000000000000000000000000000000101000000000000000000000000000000001000000000000000000000000000000000001100000000000000000000000000000000010000000000000000000000000000000000001001
   8     8  0000000000000000000000000000000000000000000000000000000000000000001110000000000000000000000000000000011000000000000000000000000000000000101000000000000000000000000000000001000000000000000000000000000000000001100000000000000000000000000000000010000000000000000000000000000000000001001
   9     9  0000000000000000000000000000000000000000000000000000000000000000001110000000000000000000000000000000011000000000000000000000000000000000101000000000000000000000000000000001000000000000000000000000000000000001100000000000000000000000000000000010000000000000000000000000000000000001001
  10    10  0000000000000000000000000000000000000000000000000000000000000000001110000000000000000000000000000000011000000000000000000000000000000000101000000000000000000000000000000001000000000000000000000000000000000001100000000000000000000000000000000010000000000000000000000000000000000001001
  11    11  0000000000000000000000000000000000000000000000000000000000000000001110000000000000000000000000000000011000000000000000000000000000000000101000000000000000000000000000000001000000000000000000000000000000000001100000000000000000000000000000000010000000000000000000000000000000000001001
  12    13  0000000000000000000000000000000000000000000000000000000000000000001110000000000000000000000000000000011000000000000000000000000000000000101000000000000000000000000000000001000000000000000000000000000000000001100000000000000000000000000000000010000000000000000000000000000000000001001
  13    14  0000000000000000000000000000000000000000000000000000000000000000001110000000000000000000000000000000011000000000000000000000000000000000101000000000000000000000000000000001000000000000000000000000000000000001100000000000000000000000000000000010000000000000000000000000000000000001001
  14    15  0000000000000000000000000000000000000000000000000000000000000000001110000000000000000000000000000000011000000000000000000000000000000000101000000000000000000000000000000001000000000000000000000000000000000001100000000000000000000000000000000010000000000000000000000000000000000001001
  15    30  0000000000000000000000000000000000000000000000000000000000000000001110000000000000000000000000000000011000000000000000000000000000000000101000000000000000000000000000000001000000000000000000000000000000000001100000000000000000000000000000000010000000000000000000000000000000000001001
  16    31  0000000000000000000000000000000000000000000000000000000000000000001110000000000000000000000000000000011000000000000000000000000000000000101000000000000000000000000000000001000000000000000000000000000000000001100000000000000000000000000000000010000000000000000000000000000000000001001
  17    32  0000000000000000000000000000000000000000000000000000000000000000001110000000000000000000000000000000011000000000000000000000000000000000101000000000000000000000000000000001000000000000000000000000000000000001100000000000000000000000000000000010000000000000000000000000000000000001001
  18   136  0000000000000000000000000000000000000000000000000000000000000000001110000000000000000000000000000000011000000000000000000000000000000000101000000000000000000000000000000001000000000000000000000000000000000001100000000000000000000000000000000010000000000000000000000000000000000001001
  19   137  0000000000000000000000000000000000000000000000000000000000000000001110000000000000000000000000000000011000000000000000000000000000000000101000000000000000000000000000000001000000000000000000000000000000000001100000000000000000000000000000000010000000000000000000000000000000000001001
  20   138  0000000000000000000000000000000000000000000000000000000000000000001110000000000000000000000000000000011000000000000000000000000000000000101000000000000000000000000000000001000000000000000000000000000000000001100000000000000000000000000000000010000000000000000000000000000000000001001
  21   139  0000000000000000000000000000000000000000000000000000000000000000001110000000000000000000000000000000011000000000000000000000000000000000101000000000000000000000000000000001000000000000000000000000000000000001100000000000000000000000000000000010000000000000000000000000000000000001001
  22   140  0000000000000000000000000000000000000000000000000000000000000000001110000000000000000000000000000000011000000000000000000000000000000000101000000000000000000000000000000001000000000000000000000000000000000001100000000000000000000000000000000010000000000000000000000000000000000001001
  23   157  0000000000000000000000000000000000000000000000000000000000000000001110000000000000000000000000000000011000000000000000000000000000000000101000000000000000000000000000000001000000000000000000000000000000000001100000000000000000000000000000000010000000000000000000000000000000000001001
  24   158  0000000000000000000000000000000000000000000000000000000000000000001110000000000000000000000000000000011000000000000000000000000000000000101000000000000000000000000000000001000000000000000000000000000000000001100000000000000000000000000000000010000000000000000000000000000000000001001
  25   159  0000000000000000000000000000000000000000000000000000000000000000001110000000000000000000000000000000011000000000000000000000000000000000101000000000000000000000000000000001000000000000000000000000000000000001100000000000000000000000000000000010000000000000000000000000000000000001001
  26   160  0000000000000000000000000000000000000000000000000000000000000000001110000000000000000000000000000000011000000000000000000000000000000000101000000000000000000000000000000001000000000000000000000000000000000001100000000000000000000000000000000010000000000000000000000000000000000001001
  27   161  0000000000000000000000000000000000000000000000000000000000000000001110000000000000000000000000000000011000000000000000000000000000000000101000000000000000000000000000000001000000000000000000000000000000000001100000000000000000000000000000000010000000000000000000000000000000000001001
  28   162  0000000000000000000000000000000000000000000000000000000000000000001110000000000000000000000000000000011000000000000000000000000000000000101000000000000000000000000000000001000000000000000000000000000000000001100000000000000000000000000000000010000000000000000000000000000000000001001
  29   163  0000000000000000000000000000000000000000000000000000000000000000001110000000000000000000000000000000011000000000000000000000000000000000101000000000000000000000000000000001000000000000000000000000000000000001100000000000000000000000000000000010000000000000000000000000000000000001001
  30   164  0000000000000000000000000000000000000000000000000000000000000000001110000000000000000000000000000000011000000000000000000000000000000000101000000000000000000000000000000001000000000000000000000000000000000001100000000000000000000000000000000010000000000000000000000000000000000001001
  31   165  0000000000000000000000000000000000000000000000000000000000000000001110000000000000000000000000000000011000000000000000000000000000000000101000000000000000000000000000000001000000000000000000000000000000000001100000000000000000000000000000000010000000000000000000000000000000000001001
  32   166  0000000000000000000000000000000000000000000000000000000000000000001110000000000000000000000000000000011000000000000000000000000000000000101000000000000000000000000000000001000000000000000000000000000000000001100000000000000000000000000000000010000000000000000000000000000000000001001
  33   167  0000000000000000000000000000000000000000000000000000000000000000001110000000000000000000000000000000011000000000000000000000000000000000101000000000000000000000000000000001000000000000000000000000000000000001100000000000000000000000000000000010000000000000000000000000000000000001001
  34   168  0000000000000000000000000000000000000000000000000000000000000000001110000000000000000000000000000000011000000000000000000000000000000000101000000000000000000000000000000001000000000000000000000000000000000001100000000000000000000000000000000010000000000000000000000000000000000001001
  35   169  0000000000000000000000000000000000000000000000000000000000000000001110000000000000000000000000000000011000000000000000000000000000000000101000000000000000000000000000000001000000000000000000000000000000000001100000000000000000000000000000000010000000000000000000000000000000000001001
  36   170  0000000000000000000000000000000000000000000000000000000000000000001110000000000000000000000000000000011000000000000000000000000000000000101000000000000000000000000000000001000000000000000000000000000000000001100000000000000000000000000000000010000000000000000000000000000000000001001
  37   171  0000000000000000000000000000000000000000000000000000000000000000001110000000000000000000000000000000011000000000000000000000000000000000101000000000000000000000000000000001000000000000000000000000000000000001100000000000000000000000000000000010000000000000000000000000000000000001001
  38   172  0000000000000000000000000000000000000000000000000000000000000000001110000000000000000000000000000000011000000000000000000000000000000000101000000000000000000000000000000001000000000000000000000000000000000001100000000000000000000000000000000010000000000000000000000000000000000001001
  39   173  0000000000000000000000000000000000000000000000000000000000000000001110000000000000000000000000000000011000000000000000000000000000000000101000000000000000000000000000000001000000000000000000000000000000000001100000000000000000000000000000000010000000000000000000000000000000000001001
  40   175  0000000000000000000000000000000000000000000000000000000000000000001110000000000000000000000000000000011000000000000000000000000000000000101000000000000000000000000000000001000000000000000000000000000000000001100000000000000000000000000000000010000000000000000000000000000000000001001
  41   176  0000000000000000000000000000000000000000000000000000000000000000001110000000000000000000000000000000011000000000000000000000000000000000101000000000000000000000000000000001000000000000000000000000000000000001100000000000000000000000000000000010000000000000000000000000000000000001001
  42   177  0000000000000000000000000000000000000000000000000000000000000000001110000000000000000000000000000000011000000000000000000000000000000000101000000000000000000000000000000001000000000000000000000000000000000001100000000000000000000000000000000010000000000000000000000000000000000001001
  43   194  0000000000000000000000000000000000000000000000000000000000000000001110000000000000000000000000000000011000000000000000000000000000000000101000000000000000000000000000000001000000000000000000000000000000000001100000000000000000000000000000000010000000000000000000000000000000000001001
  44   195  0000000000000000000000000000000000000000000000000000000000000000001110000000000000000000000000000000011000000000000000000000000000000000101000000000000000000000000000000001000000000000000000000000000000000001100000000000000000000000000000000010000000000000000000000000000000000001001
  45   213  0000000000000000000000000000000000000000000000000000000000000000001110000000000000000000000000000000011000000000000000000000000000000000101000000000000000000000000000000001000000000000000000000000000000000001100000000000000000000000000000000010000000000000000000000000000000000001001
  46   214  0000000000000000000000000000000000000000000000000000000000000000001110000000000000000000000000000000011000000000000000000000000000000000101000000000000000000000000000000001000000000000000000000000000000000001100000000000000000000000000000000010000000000000000000000000000000000001001
  47   215  0000000000000000000000000000000000000000000000000000000000000000001110000000000000000000000000000000011000000000000000000000000000000000101000000000000000000000000000000001000000000000000000000000000000000001100000000000000000000000000000000010000000000000000000000000000000000001001
  48   216  0000000000000000000000000000000000000000000000000000000000000000001110000000000000000000000000000000011000000000000000000000000000000000101000000000000000000000000000000001000000000000000000000000000000000001100000000000000000000000000000000010000000000000000000000000000000000001001
  49   217  0000000000000000000000000000000000000000000000000000000000000000001110000000000000000000000000000000011000000000000000000000000000000000101000000000000000000000000000000001000000000000000000000000000000000001100000000000000000000000000000000010000000000000000000000000000000000001001
  50   218  0000000000000000000000000000000000000000000000000000000000000000001110000000000000000000000000000000011000000000000000000000000000000000101000000000000000000000000000000001000000000000000000000000000000000001100000000000000000000000000000000010000000000000000000000000000000000001001
  51   219  0000000000000000000000000000000000000000000000000000000000000000001110000000000000000000000000000000011000000000000000000000000000000000101000000000000000000000000000000001000000000000000000000000000000000001100000000000000000000000000000000010000000000000000000000000000000000001001
  52   220  0000000000000000000000000000000000000000000000000000000000000000001110000000000000000000000000000000011000000000000000000000000000000000101000000000000000000000000000000001000000000000000000000000000000000001100000000000000000000000000000000010000000000000000000000000000010000001001
  53   221  0000000000000000000000000000000000000000000000000000000000000000001110000000000000000000000000000000011000000000000000000000000000000000101000000000000000000000000000000001000000000000000000000000000000000001100000000000000000000000000000000010000000000000000000001000000010000001001
  54   222  0000000000000000000000000000000000000000000000000000000000000000001110000000000000000000000000000000011000000000000000000000000000000000101000000000000000000000000000000001000000000000000000000000000000000001100000000000000000000000000000000010000000000000000000001000000010010001001
  55   223  0000000000000000000000000000000000000000000000000000000000000000001110000000000000000000000000000000011000000000000000000000000000000000101000000000000000000000000000000001000000000000000000000000000000000001100000000000000000000000000000000010000000000000000000001000000010010001001
  56   224  0000000000000000000000000000000000000000000000000000000000000000001110000000000000000000000000000000011000000000000000000000000000000000101000000000000000000000000000000001000000000000000000000000000000000001100000000000000000000000000000000010000000000000000000001000000010010001001
  57   225  0000000000000000000000000000000000000000000000000000000000000000001110000000000000000000000000000000011000000000000000000000000000000000101000000000000000000000000000000001000000000000000000000000000000000001100000000000000000000000000000000010000000000000000000001000000010010001001
  58   226  0000000000000000000000000000000000000000000000000000000000000000001110000000000000000000000000000000011000000000000000000000000000000000101000000000000000000000000000000001000000000000000000000000000000000001100000000000000000000000000000000010000000000000000000001000000010010001001
  59   227  0000000000000000000000000000000000000000000000000000000000000000001110000000000000000000000000000000011000000000000000000000000000000000101000000000000000000000000000000001000000000000000000000000000000000001100000000000000000000000000000000010000000000000000000001000000010010001001
  60   228  0000000000000000000000000000000000000000000000000000000000000000001110000000000000000000000000000000011000000000000000000000000000000000101000000000000000000000000000000001000000000000000000000000000000000001100000000000000000000000000000000010000000000000000000001000000010010001001
  61   229  0000000000000000000000000000000000000000000000000000000000000000001110000000000000000000000000000000011000000000000000000000000000000000101000000000000000000000000000000001000000000000000000000000000000000001100000000000000000000000000000000010000000000000000000001000000010010001001
  62   231  0000000000000000000000000000000000000000000000000000000000000000001110000000000000000000000000000000011000000000000000000000000000000000101000000000000000000000000000000001000000000000000000000000000000000001100000000000000000000000000000000010000000000000000000001000000010010001001
  63  1977  0000000000000000000000000000000000000000000000000000000000000000001110000000000000000000000000000000011000000000000000000000000000000000101000000000000000000000000000000001000000000000000000000000000000000001100000000000000000000000000000000010000000000000000000001000000010010001001
