   0     0  0000000000000000000000000000000000000000000000000000000000000000001110000000000000000000000000000000011000000000000000000000000000000000101000000000000000000000000000000001000000000000000000000000000000000001100000000000000000000000000000000010000000000000000100001001000010100001001
   1     1  0000000000000000000000000000000000000000000000000000000000000000001110000000000000000000000000000000011000000000000000000000000000000000101000000000000000000000000000000001000000000000000000000000000000000001100000000000000000000000000000000010000000000000000100001001000010100001001
   2     2  0000000000000000000000000000000000000000000000000000000000000000001110000000000000000000000000000000011000000000000000000000000000000000101000000000000000000000000000000001000000000000000000000000000000000001100000000000000000000000000000000010000000000000000100001001000010100001001
   3     3  0000000000000000000000000000000000000000000000000000000000000000001110000000000000000000000000000000011000000000000000000000000000000000101000000000000000000000000000000001000000000000000000000000000000000001100000000000000000000000000000000010000000000000000100001001000010100001001
   4     4  0000000000000000000000000000000000000000000000000000000000000000001110000000000000000000000000000000011000000000000000000000000000000000101000000000000000000000000000000001000000000000000000000000000000000001100000000000000000000000000000000010000000000000000100001001000010100001001
   5     5  0000000000000000000000000000000000000000000000000000000000000000001110000000000000000000000000000000011000000000000000000000000000000000101000000000000000000000000000000001000000000000000000000000000000000001100000000000000000000000000000000010000000000000000100001001000010100001001
   6     6  0000000000000000000000000000000000000000000000000000000000000000001110000000000000000000000000000000011000000000000000000000000000000000101000000000000000000000000000000001000000000000000000000000000000000001100000000000000000000000000000000010000000000000000100001001000010100001001
   7     7  0000000000000000000000000000000000000000000000000000000000000000001110000000000000000000000000000000011000000000000000000000000000000000101000000000000000000000000000000001000000000000000000000000000000000001100000000000000000000000000000000010000000000000000100001001000010100001001
   8     8  0000000000000000000000000000000000000000000000000000000000000000001110000000000000000000000000000000011000000000000000000000000000000000101000000000000000000000000000000001000000000000000000000000000000000001100000000000000000000000000000000010000000000000000100001001000010100001001
   9     9  0000000000000000000000000000000000000000000000000000000000000000001110000000000000000000000000000000011000000000000000000000000000000000101000000000000000000000000000000001000000000000000000000000000000000001100000000000000000000000000000000010000000000000000100001001000010100001001
  10    10  0000000000000000000000000000000000000000000000000000000000000000001110000000000000000000000000000000011000000000000000000000000000000000101000000000000000000000000000000001000000000000000000000000000000000001100000000000000000000000000000000010000000000000000100001001000010100001001
  11    11  0000000000000000000000000000000000000000000000000000000000000000001110000000000000000000000000000000011000000000000000000000000000000000101000000000000000000000000000000001000000000000000000000000000000000001100000000000000000000000000000000010000000000000000100001001000010100001001
  12    13  0000000000000000000000000000000000000000000000000000000000000000001110000000000000000000000000000000011000000000000000000000000000000000101000000000000000000000000000000001000000000000000000000000000000000001100000000000000000000000000000000010000000000000000100001001000010100001001
  13    14  0000000000000000000000000000000000000000000000000000000000000000001110000000000000000000000000000000011000000000000000000000000000000000101000000000000000000000000000000001000000000000000000000000000000000001100000000000000000000000000000000010000000000000000100001001000010100001001
  14    15  0000000000000000000000000000000000000000000000000000000000000000001110000000000000000000000000000000011000000000000000000000000000000000101000000000000000000000000000000001000000000000000000000000000000000001100000000000000000000000000000000010000000000000000100001001000010100001001
  15    16  0000000000000000000000000000000000000000000000000000000000000000001110000000000000000000000000000000011000000000000000000000000000000000101000000000000000000000000000000001000000000000000000000000000000000001100000000000000000000000000000000010000000000000000100001001000010100001001
  16    17  0000000000000000000000000000000000000000000000000000000000000000001110000000000000000000000000000000011000000000000000000000000000000000101000000000000000000000000000000001000000000000000000000000000000000001100000000000000000000000000000000010000000000000000100001001000010100001001
  17    18  0000000000000000000000000000000000000000000000000000000000000000001110000000000000000000000000000000011000000000000000000000000000000000101000000000000000000000000000000001000000000000000000000000000000000001100000000000000000000000000000000010000000000000000100001001000010100001001
  18    22  0000000000000000000000000000000000000000000000000000000000000000001110000000000000000000000000000000011000000000000000000000000000000000101000000000000000000000000000000001000000000000000000000000000000000001100000000000000000000000000000000010000000000000000100001001000010100001001
  19    23  0000000000000000000000000000000000000000000000000000000000000000001110000000000000000000000000000000011000000000000000000000000000000000101000000000000000000000000000000001000000000000000000000000000000000001100000000000000000000000000000000010000000000000000100001001000010100001001
  20    24  0000000000000000000000000000000000000000000000000000000000000000001110000000000000000000000000000000011000000000000000000000000000000000101000000000000000000000000000000001000000000000000000000000000000000001100000000000000000000000000000000010000000000000000100001001000010100001001
  21    25  0000000000000000000000000000000000000000000000000000000000000000001110000000000000000000000000000000011000000000000000000000000000000000101000000000000000000000000000000001000000000000000000000000000000000001100000000000000000000000000000000010000000000000000100001001000010100001001
  22    26  0000000000000000000000000000000000000000000000000000000000000000001110000000000000000000000000000000011000000000000000000000000000000000101000000000000000000000000000000001000000000000000000000000000000000001100000000000000000000000000000000010000000000000000100001001000010100001001
  23    27  0000000000000000000000000000000000000000000000000000000000000000001110000000000000000000000000000000011000000000000000000000000000000000101000000000000000000000000000000001000000000000000000000000000000000001100000000000000000000000000000000010000000000000000100001001000010100001001
  24    30  0000000000000000000000000000000000000000000000000000000000000000001110000000000000000000000000000000011000000000000000000000000000000000101000000000000000000000000000000001000000000000000000000000000000000001100000000000000000000000000000000010000000000000000100001001000010100001001
  25    31  0000000000000000000000000000000000000000000000000000000000000000001110000000000000000000000000000000011000000000000000000000000000000000101000000000000000000000000000000001000000000000000000000000000000000001100000000000000000000000000000000010000000000000000100001001000010100001001
  26    32  0000000000000000000000000000000000000000000000000000000000000000001110000000000000000000000000000000011000000000000000000000000000000000101000000000000000000000000000000001000000000000000000000000000000000001100000000000000000000000000000000010000000000000000100001001000010100001001
  27   136  0000000000000000000000000000000000000000000000000000000000000000001110000000000000000000000000000000011000000000000000000000000000000000101000000000000000000000000000000001000000000000000000000000000000000001100000000000000000000000000000000010000000000000000100001001000010100001001
  28   137  0000000000000000000000000000000000000000000000000000000000000000001110000000000000000000000000000000011000000000000000000000000000000000101000000000000000000000000000000001000000000000000000000000000000000001100000000000000000000000000000000010000000000000000100001001000010100001001
  29   138  0000000000000000000000000000000000000000000000000000000000000000001110000000000000000000000000000000011000000000000000000000000000000000101000000000000000000000000000000001000000000000000000000000000000000001100000000000000000000000000000000010000000000000000100001001000010100001001
  30   139  0000000000000000000000000000000000000000000000000000000000000000001110000000000000000000000000000000011000000000000000000000000000000000101000000000000000000000000000000001000000000000000000000000000000000001100000000000000000000000000000000010000000000000000100001001000010100001001
  31   140  0000000000000000000000000000000000000000000000000000000000000000001110000000000000000000000000000000011000000000000000000000000000000000101000000000000000000000000000000001000000000000000000000000000000000001100000000000000000000000000000000010000000000000000100001001000010100001001
  32   157  0000000000000000000000000000000000000000000000000000000000000000001110000000000000000000000000000000011000000000000000000000000000000000101000000000000000000000000000000001000000000000000000000000000000000001100000000000000000000000000000000010000000000000000100001001000010100001001
  33   158  0000000000000000000000000000000000000000000000000000000000000000001110000000000000000000000000000000011000000000000000000000000000000000101000000000000000000000000000000001000000000000000000000000000000000001100000000000000000000000000000000010000000000000000100001001000010100001001
  34   159  0000000000000000000000000000000000000000000000000000000000000000001110000000000000000000000000000000011000000000000000000000000000000000101000000000000000000000000000000001000000000000000000000000000000000001100000000000000000000000000000000010000000000000000100001001000010100001001
  35   160  0000000000000000000000000000000000000000000000000000000000000000001110000000000000000000000000000000011000000000000000000000000000000000101000000000000000000000000000000001000000000000000000000000000000000001100000000000000000000000000000000010000000000000000100001001000010100001001
  36   161  0000000000000000000000000000000000000000000000000000000000000000001110000000000000000000000000000000011000000000000000000000000000000000101000000000000000000000000000000001000000000000000000000000000000000001100000000000000000000000000000000010000000000000000100001001000010100001001
  37   162  0000000000000000000000000000000000000000000000000000000000000000001110000000000000000000000000000000011000000000000000000000000000000000101000000000000000000000000000000001000000000000000000000000000000000001100000000000000000000000000000000010000000000000000100001001000010100001001
  38   163  0000000000000000000000000000000000000000000000000000000000000000001110000000000000000000000000000000011000000000000000000000000000000000101000000000000000000000000000000001000000000000000000000000000000000001100000000000000000000000000000000010000000000000000100001001000010100001001
  39   164  0000000000000000000000000000000000000000000000000000000000000000001110000000000000000000000000000000011000000000000000000000000000000000101000000000000000000000000000000001000000000000000000000000000000000001100000000000000000000000000000000010000000000000000100001001000010100001001
  40   230  0000000000000000000000000000000000000000000000000000000000000000001110000000000000000000000000000000011000000000000000000000000000000000101000000000000000000000000000000001000000000000000000000000000000000001100000000000000000000000000000000010000000000000000100001001000010100001001
  41   231  0000000000000000000000000000000000000000000000000000000000000000001110000000000000000000000000000000011000000000000000000000000000000000101000000000000000000000000000000001000000000000000000000000000000000001100000000000000000000000000000000010000000000000000100001001000010100001001
  42   232  0000000000000000000000000000000000000000000000000000000000000000001110000000000000000000000000000000011000000000000000000000000000000000101000000000000000000000000000000001000000000000000000000000000000000001100000000000000000000000000000000010000000000000000100001001000010100001001
  43   233  0000000000000000000000000000000000000000000000000000000000000000001110000000000000000000000000000000011000000000000000000000000000000000101000000000000000000000000000000001000000000000000000000000000000000001100000000000000000000000000000000010000000000000000100001001000010100001001
  44   234  0000000000000000000000000000000000000000000000000000000000000000001110000000000000000000000000000000011000000000000000000000000000000000101000000000000000000000000000000001000000000000000000000000000000000001100000000000000000000000000000000010000000000000000100001001000010100001001
  45   235  0000000000000000000000000000000000000000000000000000000000000000001110000000000000000000000000000000011000000000000000000000000000000000101000000000000000000000000000000001000000000000000000000000000000000001100000000000000000000000000000000010000000000000000100001001000010100001001
  46   236  0000000000000000000000000000000000000000000000000000000000000000001110000000000000000000000000000000011000000000000000000000000000000000101000000000000000000000000000000001000000000000000000000000000000000001100000000000000000000000000000000010000000000000000100001001000010100001001
  47   237  0000000000000000000000000000000000000000000000000000000000000000001110000000000000000000000000000000011000000000000000000000000000000000101000000000000000000000000000000001000000000000000000000000000000000001100000000000000000000000000000000010000000000000000100001001000010100001001
  48   238  0000000000000000000000000000000000000000000000000000000000000000001110000000000000000000000000000000011000000000000000000000000000000000101000000000000000000000000000000001000000000000000000000000000000000001100000000000000000000000000000000010000000000000000100001001000010100001001
  49   239  0000000000000000000000000000000000000000000000000000000000000000001110000000000000000000000000000000011000000000000000000000000000000000101000000000000000000000000000000001000000000000000000000000000000000001100000000000000000000000000000000010000000000000000100001001000010100001001
  50   240  0000000000000000000000000000000000000000000000000000000000000000001110000000000000000000000000000000011000000000000000000000000000000000101000000000000000000000000000000001000000000000000000000000000000000001100000000000000000000000000000000010000000000000000100001001000010100001001
  51   241  0000000000000000000000000000000000000000000000000000000000000000001110000000000000000000000000000000011000000000000000000000000000000000101000000000000000000000000000000001000000000000000000000000000000000001100000000000000000000000000000000010000000000000000100001001000010100001001
  52   242  0000000000000000000000000000000000000000000000000000000000000000001110000000000000000000000000000000011000000000000000000000000000000000101000000000000000000000000000000001000000000000000000000000000000000001100000000000000000000000000000000010000000000000000100001001000010100001001
  53   250  0000000000000000000000000000000000000000000000000000000000000000001110000000000000000000000000000000011000000000000000000000000000000000101000000000000000000000000000000001000000000000000000000000000000000001100000000000000000000000000000000010000000000000000100001001000010100001001
  54   251  0000000000000000000000000000000000000000000000000000000000000000001110000000000000000000000000000000011000000000000000000000000000000000101000000000000000000000000000000001000000000000000000000000000000000001100000000000000000000000000000000010000000000000000100001001000010100001001
  55   252  0000000000000000000000000000000000000000000000000000000000000000001110000000000000000000000000000000011000000000000000000000000000000000101000000000000000000000000000000001000000000000000000000000000000000001100000000000000000000000000000000010000000000000000100001001000010100001001
  56   253  0000000000000000000000000000000000000000000000000000000000000000001110000000000000000000000000000000011000000000000000000000000000000000101000000000000000000000000000000001000000000000000000000000000000000001100000000000000000000000000000000010000000000000000100001001000010100001001
  57   254  0000000000000000000000000000000000000000000000000000000000000000001110000000000000000000000000000000011000000000000000000000000000000000101000000000000000000000000000000001000000000000000000000000000000000001100000000000000000000000000000000010000000000000000100001001000010100001001
  58   255  0000000000000000000000000000000000000000000000000000000000000000001110000000000000000000000000000000011000000000000000000000000000000000101000000000000000000000000000000001000000000000000000000000000000000001100000000000000000000000000000000010000000000000000100001001000010100001001
  59   257  0000000000000000000000000000000000000000000000000000000000000000001110000000000000000000000000000000011000000000000000000000000000000000101000000000000000000000000000000001000000000000000000000000000000000001100000000000000000000000000000000010000000000000000100001001000010100001001
  60   258  0000000000000000000000000000000000000000000000000000000000000000001110000000000000000000000000000000011000000000000000000000000000000000101000000000000000000000000000000001000000000000000000000000000000000001100000000000000000000000000000000010000000000000000100001001000010100001010
  61   259  0000000000000000000000000000000000000000000000000000000000000000001110000000000000000000000000000000011000000000000000000000000000000000101000000000000000000000000000000001000000000000000000000000000000000001100000000000000000000000000000000010000000000000000100001001000010100001010
  62   260  0000000000000000000000000000000000000000000000000000000000000000001110000000000000000000000000000000011000000000000000000000000000000000101000000000000000000000000000000001000000000000000000000000000000000001100000000000000000000000000000000000000000000000000100001001000010100001010
  63   261  0000000000000000000000000000000000000000000000000000000000000000001110000000000000000000000000000000011000000000000000000000000000000000101000000000000000000000000000000001000000000000000000000000000000000001100000000000000000000000000000000000000000000000000100001001000010100001010
  64   262  0000000000000000000000000000000000000000000000000000000000000000001110000000000000000000000000000000011000000000000000000000000000000000101000000000000000000000000000000001000000000000000000000000000000000001100000000000000000000000000000000000000000000000000100001001000010100001010
  65   263  0000000000000000000000000000000000000000000000000000000000000000001110000000000000000000000000000000011000000000000000000000000000000000101000000000000000000000000000000001000000000000000000000000000000000001100000000000000000000000000000000000100000000000000100001001000010100001010
  66   264  0000000000000000000000000000000000000000000000000000000000000000001110000000000000000000000000000000011000000000000000000000000000000000101000000000000000000000000000000001000000000000000000000000000000000001100000000000000000000000000000000000100000000000000100001001000010100001010
  67   265  0000000000000000000000000000000000000000000000000000000000000000001110000000000000000000000000000000011000000000000000000000000000000000101000000000000000000000000000000001000000000000000000000000000000000001100000000000000000000000000000000000100000000000000100001001000010100001010
  68   267  0000000000000000000000000000000000000000000000000000000000000000001110000000000000000000000000000000011000000000000000000000000000000000101000000000000000000000000000000001000000000000000000000000000000000001100000000000000000000000000000000000100000000000000100001001000010100001010
  69   268  0000000000000000000000000000000000000000000000000000000000000000001110000000000000000000000000000000011000000000000000000000000000000000101000000000000000000000000000000001000000000000000000000000000000000001100000000000000000000000000000000000100000000000000100001001000010100001011
  70   269  0000000000000000000000000000000000000000000000000000000000000000001110000000000000000000000000000000011000000000000000000000000000000000101000000000000000000000000000000001000000000000000000000000000000000001100000000000000000000000000000000000100000000000000100001001000010100001011
  71   270  0000000000000000000000000000000000000000000000000000000000000000001110000000000000000000000000000000011000000000000000000000000000000000101000000000000000000000000000000001000000000000000000000000000000000000000000000000000000000000000000000000100000000000000100001001000010100001011
  72   271  0000000000000000000000000000000000000000000000000000000000000000001110000000000000000000000000000000011000000000000000000000000000000000101000000000000000000000000000000001000000000000000000000000000000000000000000000000000000000000000000000000100000000000000100001001000010100001011
  73   272  0000000000000000000000000000000000000000000000000000000000000000001110000000000000000000000000000000011000000000000000000000000000000000101000000000000000000000000000000001000000000000000000000000000000000000000000000000000000000000000000000000100000000000000100001001000010100001011
  74   273  0000000000000000000000000000000000000000000000000000000000000000001110000000000000000000000000000000011000000000000000000000000000000000101000000000000000000000000000000001000000000000000000000000000000000000010000000000000000000000000000000000100000000000000100001001000010100001011
  75   274  0000000000000000000000000000000000000000000000000000000000000000001110000000000000000000000000000000011000000000000000000000000000000000101000000000000000000000000000000001000000000000000000000000000000000000010000000000000000000000000000000000100000000000000100001001000010100001011
  76   275  0000000000000000000000000000000000000000000000000000000000000000001110000000000000000000000000000000011000000000000000000000000000000000101000000000000000000000000000000001000000000000000000000000000000000000010000000000000000000000000000000000100000000000000100001001000010100001011
  77   276  0000000000000000000000000000000000000000000000000000000000000000001110000000000000000000000000000000011000000000000000000000000000000000101000000000000000000000000000000001000000000000000000000000000000000000010000000000000000000000000000000000100000000000000100001001000010100001011
  78   277  0000000000000000000000000000000000000000000000000000000000000000001110000000000000000000000000000000011000000000000000000000000000000000101000000000000000000000000000000001000000000000000000000000000000000000010000000000000000000000000000000000100000000000000100001001000010100001011
  79   278  0000000000000000000000000000000000000000000000000000000000000000001110000000000000000000000000000000011000000000000000000000000000000000101000000000000000000000000000000001000000000000000000000000000000000000010000000000000010000100100001010000100000000000000100001001000010100001011
  80   279  0000000000000000000000000000000000000000000000000000000000000000001110000000000000000000000000000000011000000000000000000000000000000000101000000000000000000000000000000001000000000000000000000000000000000000010000000000000010000100100001010000100000000000000100001001000010100001011
  81   280  0000000000000000000000000000000000000000000000000000000000000000001110000000000000000000000000000000011000000000000000000000000000000000101000000000000000000000000000000001000000000000000000000000000000000000010000000000000010000100100001001000100000000000000100001001000010100001011
  82   281  0000000000000000000000000000000000000000000000000000000000000000001110000000000000000000000000000000011000000000000000000000000000000000101000000000000000000000000000000001000000000000000000000000000000000000010000000000000010000100100001001000100000000000000100001001000010100001011
  83   282  0000000000000000000000000000000000000000000000000000000000000000001110000000000000000000000000000000011000000000000000000000000000000000101000000000000000000000000000000001000000000000000000000000000000000000010000000000000010000100100001001000100000000000000100001001000010100001011
  84   283  0000000000000000000000000000000000000000000000000000000000000000001110000000000000000000000000000000011000000000000000000000000000000000101000000000000000000000000000000001000000000000000000000000000000000000010000000000000010000100100001001000100000000000000100001001000010100001011
  85   284  0000000000000000000000000000000000000000000000000000000000000000001110000000000000000000000000000000011000000000000000000000000000000000101000000000000000000000000000000001000000000000000000000000000000000000010000000000000010000100100001001000100000000000000100001001000010100001011
  86   285  0000000000000000000000000000000000000000000000000000000000000000001110000000000000000000000000000000011000000000000000000000000000000000101000000000000000000000000000000001000000000000000000000000000001000000010000000000000010000100100001001000100000000000000100001001000010100001011
  87   286  0000000000000000000000000000000000000000000000000000000000000000001110000000000000000000000000000000011000000000000000000000000000000000101000000000000000000000000000000001000000000000000000000000000001000000010000000000000010000100100001001000100000000000000100001001000010100001011
  88   287  0000000000000000000000000000000000000000000000000000000000000000001110000000000000000000000000000000011000000000000000000000000000000000101000000000000000000000000000000001000000000000000000000100000001000000010000000000000010000100100001001000100000000000000100001001000010100001011
  89   288  0000000000000000000000000000000000000000000000000000000000000000001110000000000000000000000000000000011000000000000000000000000000000000101000000000000000000000000000000001000000000000000000000100000001000000010000000000000010000100100001001000100000000000000100001001000010100001011
  90   289  0000000000000000000000000000000000000000000000000000000000000000001110000000000000000000000000000000011000000000000000000000000000000000101000000000000000000000000000000001000000000000000000000100000001000100010000000000000010000100100001001000100000000000000100001001000010100001011
  91   290  0000000000000000000000000000000000000000000000000000000000000000001110000000000000000000000000000000011000000000000000000000000000000000101000000000000000000000000000000001000000000000000000000100000001000100010000000000000010000100100001001000100000000000000100001001000010100001011
  92   291  0000000000000000000000000000000000000000000000000000000000000000001110000000000000000000000000000000011000000000000000000000000000000000101000000000000000000000000000000001000000000000000000000100000001000100010000000000000010000100100001001000100000000000000100001001000010100001011
  93   292  0000000000000000000000000000000000000000000000000000000000000000001110000000000000000000000000000000011000000000000000000000000000000000101000000000000000000000000000000001000000000000000000000100000001000100010000000000000010000100100001001000100000000000000100001001000010100001011
  94   293  0000000000000000000000000000000000000000000000000000000000000000001110000000000000000000000000000000011000000000000000000000000000000000101000000000000000000000000000000001000000000000000000000100000001000100010000000000000010000100100001001000100000000000000100001001000010100001011
  95   294  0000000000000000000000000000000000000000000000000000000000000000001110000000000000000000000000000000011000000000000000000000000000000000101000000000000000000000000000000001000000000000000000000100000001000100010000000000000010000100100001001000100000000000000100001001000010100001011
  96   295  0000000000000000000000000000000000000000000000000000000000000000001110000000000000000000000000000000011000000000000000000000000000000000101000000000000000000000000000000001000000000000000000000100000001000100010000000000000010000100100001001000100000000000000100001001000010100001011
  97   296  0000000000000000000000000000000000000000000000000000000000000000001110000000000000000000000000000000011000000000000000000000000000000000101000000000000000000000000000000001000000000000000000000100000001000100010000000000000010000100100001001000100000000000000100001001000010100001011
  98   297  0000000000000000000000000000000000000000000000000000000000000000001110000000000000000000000000000000011000000000000000000000000000000000101000000000000000000000000000000001000000000000000000000100000001000100010000000000000010000100100001001000100000000000000100001001000010100001011
  99   298  0000000000000000000000000000000000000000000000000000000000000000001110000000000000000000000000000000011000000000000000000000000000000000101000000000000000000000000000000001000000000000000000000100000001000100010000000000000010000100100001001000100000000000000100001001000010100001011
 100   299  0000000000000000000000000000000000000000000000000000000000000000001110000000000000000000000000000000011000000000000000000000000000000000101000000000000000000000000000000001000000000000000000000100000001000100010000000000000010000100100001001000100000000000000100001001000010100001011
 101   300  0000000000000000000000000000000000000000000000000000000000000000001110000000000000000000000000000000011000000000000000000000000000000000101000000000000000000000000000000001000000000000000000000100000001000100010000000000000010000100100001001000100000000000000100001001000010100001011
 102   301  0000000000000000000000000000000000000000000000000000000000000000001110000000000000000000000000000000011000000000000000000000000000000000101000000000000000000000000000000001000000000000000000000100000001000100010000000000000010000100100001001000100000000000000100001001000010100001011
 103   302  0000000000000000000000000000000000000000000000000000000000000000001110000000000000000000000000000000011000000000000000000000000000000000101000000000000000000000000000000001000000000000000000000100000001000100010000000000000010000100100001001000100000000000000100001001000010100001011
 104   303  0000000000000000000000000000000000000000000000000000000000000000001110000000000000000000000000000000011000000000000000000000000000000000101000000000000000000000000000000001000000000000000000000100000001000100010000000000000010000100100001001000100000000000000100001001000010100001011
 105   304  0000000000000000000000000000000000000000000000000000000000000000001110000000000000000000000000000000011000000000000000000000000000000000101000000000000000000000000000000001000000000000000000000100000001000100010000000000000010000100100001001000100000000000000100001001000010100001011
 106   305  0000000000000000000000000000000000000000000000000000000000000000001110000000000000000000000000000000011000000000000000000000000000000000101000000000000000000000000000000001000000000000000000000100000001000100010000000000000010000100100001001000100000000000000100001001000010100001011
 107   306  0000000000000000000000000000000000000000000000000000000000000000001110000000000000000000000000000000011000000000000000000000000000000000101000000000000000000000000000000001000000000000000000000100000001000100010000000000000010000100100001001000100000000000000100001001000010100000011
 108   307  0000000000000000000000000000000000000000000000000000000000000000001110000000000000000000000000000000011000000000000000000000000000000000101000000000000000000000000000000001000000000000000000000100000001000100010000000000000010000100100001001000100000000000000100001001000010100000011
 109   308  0000000000000000000000000000000000000000000000000000000000000000001110000000000000000000000000000000011000000000000000000000000000000000101000000000000000000000000000000001000000000000000000000100000001000100010000000000000010000100100001001000100000000000000100001001000010100000011
 110   309  0000000000000000000000000000000000000000000000000000000000000000001110000000000000000000000000000000011000000000000000000000000000000000101000000000000000000000000000000001000000000000000000000100000001000100010000000000000010000100100001001000100000000000000100001001000010100000011
 111   310  0000000000000000000000000000000000000000000000000000000000000000001110000000000000000000000000000000011000000000000000000000000000000000101000000000000000000000000000000001000000000000000000000100000001000100010000000000000010000100100001001000100000000000000100001001000010000000011
 112   311  0000000000000000000000000000000000000000000000000000000000000000001110000000000000000000000000000000011000000000000000000000000000000000101000000000000000000000000000000001000000000000000000000100000001000100010000000000000010000100100001001000100000000000000100001001000010000000011
 113   312  0000000000000000000000000000000000000000000000000000000000000000001110000000000000000000000000000000011000000000000000000000000000000000101000000000000000000000000000000001000000000000000000000100000001000100010000000000000010000100100001001000100000000000000100001001000010000000011
 114   313  0000000000000000000000000000000000000000000000000000000000000000001110000000000000000000000000000000011000000000000000000000000000000000101000000000000000000000000000000001000000000000000000000100000001000100010000000000000010000100100001001000100000000000000100001001000010000000011
 115   314  0000000000000000000000000000000000000000000000000000000000000000001110000000000000000000000000000000011000000000000000000000000000000000101000000000000000000000000000000001000000000000000000000100000001000100010000000000000010000100100001001000100000000000000100001001000010000000011
 116   315  0000000000000000000000000000000000000000000000000000000000000000001110000000000000000000000000000000011000000000000000000000000000000000101000000000000000000000000000000001000000000000000000000100000001000100010000000000000010000100100001001000100000000000000100001001000010000000011
 117   316  0000000000000000000000000000000000000000000000000000000000000000001110000000000000000000000000000000011000000000000000000000000000000000101000000000000000000000000000000001000000000000000000000100000001000100010000000000000010000100100001001000100000000000000100001001000010000000011
 118   317  0000000000000000000000000000000000000000000000000000000000000000001110000000000000000000000000000000011000000000000000000000000000000000101000000000000000000000000000000001000000000000000000000100000001000100010000000000000010000100100001001000100000000000000100001001000010000000011
 119   318  0000000000000000000000000000000000000000000000000000000000000000001110000000000000000000000000000000011000000000000000000000000000000000101000000000000000000000000000000001000000000000000000000100000001000100010000000000000010000100100001001000100000000000000100001001000010000000011
 120   319  0000000000000000000000000000000000000000000000000000000000000000001110000000000000000000000000000000011000000000000000000000000000000000101000000000000000000000000000000001000000000000000000000100000001000100010000000000000010000100100001001000100000000000000100001001000010000000011
 121   320  0000000000000000000000000000000000000000000000000000000000000000001110000000000000000000000000000000011000000000000000000000000000000000101000000000000000000000000000000001000000000000000000000100000001000100010000000000000010000100100001001000100000000000000100001001000010000000011
 122   321  0000000000000000000000000000000000000000000000000000000000000000001110000000000000000000000000000000011000000000000000000000000000000000101000000000000000000000000000000001000000000000000000000100000001000100010000000000000010000100100001001000100000000000000100001001000010000000011
 123   322  0000000000000000000000000000000000000000000000000000000000000000001110000000000000000000000000000000011000000000000000000000000000000000101000000000000000000000000000000001000000000000000000000100000001000100010000000000000010000100100001001000100000000000000100001001000010000000011
 124   323  0000000000000000000000000000000000000000000000000000000000000000001110000000000000000000000000000000011000000000000000000000000000000000101000000000000000000000000000000001000000000000000000000100000001000100010000000000000010000100100001001000100000000000000100001001000010000000011
 125   324  0000000000000000000000000000000000000000000000000000000000000000001110000000000000000000000000000000011000000000000000000000000000000000101000000000000000000000000000000001000000000000000000000100000001000100010000000000000010000100100001001000100000000000000100001001000010000000011
 126   325  0000000000000000000000000000000000000000000000000000000000000000001110000000000000000000000000000000011000000000000000000000000000000000101000000000000000000000000000000001000000000000000000000100000001000100010000000000000010000100100001001000100000000000000100001001000010000000011
 127   326  0000000000000000000000000000000000000000000000000000000000000000001110000000000000000000000000000000011000000000000000000000000000000000101000000000000000000000000000000001000000000000000000000100000001000100010000000000000010000100100001001000100000000000100100001001000010000000011
 128   327  0000000000000000000000000000000000000000000000000000000000000000001110000000000000000000000000000000011000000000000000000000000000000000101000000000000000000000000000000001000000000000000000000100000001000100010000000000000010000100100001001000100000000000100100001001000010010000011
 129   328  0000000000000000000000000000000000000000000000000000000000000000001110000000000000000000000000000000011000000000000000000000000000000000101000000000000000000000000000000001000000000000000000000100000001000100010000000000000010000100100001001000100000000000100100001001000010010000011
 130   329  0000000000000000000000000000000000000000000000000000000000000000001110000000000000000000000000000000011000000000000000000000000000000000101000000000000000000000000000000001000000000000000000000100000001000100010000000000000010000100100001001000100000000000100100001001000010010000011
 131   330  0000000000000000000000000000000000000000000000000000000000000000001110000000000000000000000000000000011000000000000000000000000000000000101000000000000000000000000000000001000000000000000000000100000001000100010000000000000010000100100001001000100000000000100100001001000010010000011
 132   331  0000000000000000000000000000000000000000000000000000000000000000001110000000000000000000000000000000011000000000000000000000000000000000101000000000000000000000000000000001000000000000000000000100000001000100010000000000000010000100100001001000100000000000100100001001000010010000011
 133   332  0000000000000000000000000000000000000000000000000000000000000000001110000000000000000000000000000000011000000000000000000000000000000000101000000000000000000000000000000001000000000000000000000100000001000100010000000000000010000100100001001000100000000000100100001001000010010000011
 134   333  0000000000000000000000000000000000000000000000000000000000000000001110000000000000000000000000000000011000000000000000000000000000000000101000000000000000000000000000000001000000000000000000000100000001000100010000000000000010000100100001001000100000000000100100001001000010010000011
 135   334  0000000000000000000000000000000000000000000000000000000000000000001110000000000000000000000000000000011000000000000000000000000000000000101000000000000000000000000000000001000000000000000000000100000001000100010000000000000010000100100001001000100000000000100100001001000010010000011
 136   335  0000000000000000000000000000000000000000000000000000000000000000001110000000000000000000000000000000011000000000000000000000000000000000101000000000000000000000000000000001000000000000000000000100000001000100010000000000000010000100100001001000100000000000100100001001000010010000011
 137   336  0000000000000000000000000000000000000000000000000000000000000000001110000000000000000000000000000000011000000000000000000000000000000000101000000000000000000000000000000001000000000000000000000100000001000100010000000000000010000100100001001000100000000000100100001001000010010000011
 138   337  0000000000000000000000000000000000000000000000000000000000000000001110000000000000000000000000000000011000000000000000000000000000000000101000000000000000000000000000000001000000000000000000000100000001000100010000000000000010000100100001001000100000000000100100001001000010010000011
 139   338  0000000000000000000000000000000000000000000000000000000000000000001110000000000000000000000000000000011000000000000000000000000000000000101000000000000000000000000000000001000000000000000000000100000001000100010000000000000010000100100001001000100000000000100100001001000010010000011
 140   339  0000000000000000000000000000000000000000000000000000000000000000001110000000000000000000000000000000011000000000000000000000000000000000101000000000000000000000000000000001000000000000000000000100000001000100010000000000000010000100100001001000100000000000100100001001000010010000011
 141   340  0000000000000000000000000000000000000000000000000000000000000000001110000000000000000000000000000000011000000000000000000000000000000000101000000000000000000000000000000001000000000000000000000100000001000100010000000000000010000100100001001000100000000000100100001000000010010000011
 142   341  0000000000000000000000000000000000000000000000000000000000000000001110000000000000000000000000000000011000000000000000000000000000000000101000000000000000000000000000000001000000000000000000000100000001000100010000000000000010000100100001001000100000001000100100001000000010010000011
 143   342  0000000000000000000000000000000000000000000000000000000000000000001110000000000000000000000000000000011000000000000000000000000000000000101000000000000000000000000000000001000000000000000000000100000001000100010000000000000010000100100001001000100000001000100100001000000010100000011
 144   343  0000000000000000000000000000000000000000000000000000000000000000001110000000000000000000000000000000011000000000000000000000000000000000101000000000000000000000000000000001000000000000000000000100000001000100010000000000000010000100100001001000100000001000100100001000000010100000011
 145   344  0000000000000000000000000000000000000000000000000000000000000000001110000000000000000000000000000000011000000000000000000000000000000000101000000000000000000000000000000001000000000000000000000100000001000100010000000000000010000100100001001000100000001000100100001000000010100000011
 146   345  0000000000000000000000000000000000000000000000000000000000000000001110000000000000000000000000000000011000000000000000000000000000000000101000000000000000000000000000000001000000000000000000000100000001000100010000000000000010000100100001001000100000001000100100001000000010100000011
 147   346  0000000000000000000000000000000000000000000000000000000000000000001110000000000000000000000000000000011000000000000000000000000000000000101000000000000000000000000000000001000000000000000000000100000001000100010000000000000010000100100001001000100000001000100100001000000010100000011
 148   347  0000000000000000000000000000000000000000000000000000000000000000001110000000000000000000000000000000011000000000000000000000000000000000101000000000000000000000000000000001000000000000000000000100000001000100010000000000000010000100100001001000100000001000100100001000000010100000011
 149   474  0000000000000000000000000000000000000000000000000000000000000000001110000000000000000000000000000000011000000000000000000000000000000000101000000000000000000000000000000001000000000000000000000100000001000100010000000000000010000100100001001000100000001000100100001000000010100000011
 150   475  0000000000000000000000000000000000000000000000000000000000000000001110000000000000000000000000000000011000000000000000000000000000000000101000000000000000000000000000000001000000000000000000000100000001000100010000000000000010000100100001001000100000001000100100001000000010100000011
 151   476  0000000000000000000000000000000000000000000000000000000000000000001110000000000000000000000000000000011000000000000000000000000000000000101000000000000000000000000000000001000000000000000000000100000001000100010000000000000010000100100001001000100000001000100100001000000010100000011
 152   507  0000000000000000000000000000000000000000000000000000000000000000001110000000000000000000000000000000011000000000000000000000000000000000101000000000000000000000000000000001000000000000000000000100000001000100010000000000000010000100100001001000100000001000100100001000000010100000011
 153   508  0000000000000000000000000000000000000000000000000000000000000000001110000000000000000000000000000000011000000000000000000000000000000000101000000000000000000000000000000001000000000000000000000100000001000100010000000000000010000100100001001000100000001000100100001000000010100000011
 154   509  0000000000000000000000000000000000000000000000000000000000000000001110000000000000000000000000000000011000000000000000000000000000000000101000000000000000000000000000000001000000000000000000000100000001000100010000000000000010000100100001001000100000001000100100001000000010100000011
 155   510  0000000000000000000000000000000000000000000000000000000000000000001110000000000000000000000000000000011000000000000000000000000000000000101000000000000000000000000000000001000000000000000000000100000001000100010000000000000010000100100001001000100000001000100100001000000010100000011
 156   511  0000000000000000000000000000000000000000000000000000000000000000001110000000000000000000000000000000011000000000000000000000000000000000101000000000000000000000000000000001000000000000000000000100000001000100010000000000000010000100100001001000100000001000100100001000000010100000011
 157   512  0000000000000000000000000000000000000000000000000000000000000000001110000000000000000000000000000000011000000000000000000000000000000000101000000000000000000000000000000001000000000000000000000100000001000100010000000000000010000100100001001000100000001000100100001000000010100000011
 158   513  0000000000000000000000000000000000000000000000000000000000000000001110000000000000000000000000000000011000000000000000000000000000000000101000000000000000000000000000000001000000000000000000000100000001000100010000000000000010000100100001001000100000001000100100001000000010100000011
 159   514  0000000000000000000000000000000000000000000000000000000000000000001110000000000000000000000000000000011000000000000000000000000000000000101000000000000000000000000000000001000000000000000000000100000001000100010000000000000010000100100001001000100000001000100100001000000010100000011
 160   515  0000000000000000000000000000000000000000000000000000000000000000001110000000000000000000000000000000011000000000000000000000000000000000101000000000000000000000000000000001000000000000000000000100000001000100010000000000000010000100100001001000100000001000100100001000000010100000011
 161   516  0000000000000000000000000000000000000000000000000000000000000000001110000000000000000000000000000000011000000000000000000000000000000000101000000000000000000000000000000001000000000000000000000100000001000100010000000000000010000100100001001000100000001000100100001000000010100000011
 162   517  0000000000000000000000000000000000000000000000000000000000000000001110000000000000000000000000000000011000000000000000000000000000000000101000000000000000000000000000000001000000000000000000000100000001000100010000000000000010000100100001001000100000001000100100001000000010100000011
 163   518  0000000000000000000000000000000000000000000000000000000000000000001110000000000000000000000000000000011000000000000000000000000000000000101000000000000000000000000000000001000000000000000000000100000001000100010000000000000010000100100001001000100000001000100100001000000010100000011
 164   519  0000000000000000000000000000000000000000000000000000000000000000001110000000000000000000000000000000011000000000000000000000000000000000101000000000000000000000000000000001000000000000000000000100000001000100010000000000000010000100100001001000100000001000100100001000000010100000011
 165   520  0000000000000000000000000000000000000000000000000000000000000000001110000000000000000000000000000000011000000000000000000000000000000000101000000000000000000000000000000001000000000000000000000100000001000100010000000000000010000100100001001000100000001000100100001000000010100000011
 166   521  0000000000000000000000000000000000000000000000000000000000000000001110000000000000000000000000000000011000000000000000000000000000000000101000000000000000000000000000000001000000000000000000000100000001000100010000000000000010000100100001001000100000001000100100001000000010100000011
 167   522  0000000000000000000000000000000000000000000000000000000000000000001110000000000000000000000000000000011000000000000000000000000000000000101000000000000000000000000000000001000000000000000000000100000001000100010000000000000010000100100001001000100000001000100100001000000010100000011
 168   523  0000000000000000000000000000000000000000000000000000000000000000001110000000000000000000000000000000011000000000000000000000000000000000101000000000000000000000000000000001000000000000000000000100000001000100010000000000000010000100100001001000100000001000100100001000000010100000011
 169   524  0000000000000000000000000000000000000000000000000000000000000000001110000000000000000000000000000000011000000000000000000000000000000000101000000000000000000000000000000001000000000000000000000100000001000100010000000000000010000100100001001000100000001000100100001000000010100000011
 170   525  0000000000000000000000000000000000000000000000000000000000000000001110000000000000000000000000000000011000000000000000000000000000000000101000000000000000000000000000000001000000000000000000000100000001000100010000000000000010000100100001001000100000001000100100001000000010100000011
 171   526  0000000000000000000000000000000000000000000000000000000000000000001110000000000000000000000000000000011000000000000000000000000000000000101000000000000000000000000000000001000000000000000000000100000001000100010000000000000010000100100001001000100000001000100100001000000010100000011
 172   527  0000000000000000000000000000000000000000000000000000000000000000001110000000000000000000000000000000011000000000000000000000000000000000101000000000000000000000000000000001000000000000000000000100000001000100010000000000000010000100100001001000100000001000100100001000000010100000011
 173   532  0000000000000000000000000000000000000000000000000000000000000000001110000000000000000000000000000000011000000000000000000000000000000000101000000000000000000000000000000001000000000000000000000100000001000100010000000000000010000100100001001000100000001000100100001000000010100000011
 174   533  0000000000000000000000000000000000000000000000000000000000000000001110000000000000000000000000000000011000000000000000000000000000000000101000000000000000000000000000000001000000000000000000000100000001000100010000000000000010000100100001001000100000001000100100001000000010100000011
 175   534  0000000000000000000000000000000000000000000000000000000000000000001110000000000000000000000000000000011000000000000000000000000000000000101000000000000000000000000000000001000000000000000000000100000001000100010000000000000010000100100001001000100000001000100100001000000010100000011
 176   561  0000000000000000000000000000000000000000000000000000000000000000001110000000000000000000000000000000011000000000000000000000000000000000101000000000000000000000000000000001000000000000000000000100000001000100010000000000000010000100100001001000100000001000100100001000000010100000011
 177   562  0000000000000000000000000000000000000000000000000000000000000000001110000000000000000000000000000000011000000000000000000000000000000000101000000000000000000000000000000001000000000000000000000100000001000100010000000000000010000100100001001000100000001000100100001000000010100000011
 178   565  0000000000000000000000000000000000000000000000000000000000000000001110000000000000000000000000000000011000000000000000000000000000000000101000000000000000000000000000000001000000000000000000000100000001000100010000000000000010000100100001001000100000001000100100001000000010100000011
 179   566  0000000000000000000000000000000000000000000000000000000000000000001110000000000000000000000000000000011000000000000000000000000000000000101000000000000000000000000000000001000000000000000000000100000001000100010000000000000010000100100001001000100000001000100100001000000010100000011
 180   567  0000000000000000000000000000000000000000000000000000000000000000001110000000000000000000000000000000011000000000000000000000000000000000101000000000000000000000000000000001000000000000000000000100000001000100010000000000000010000100100001001000100000001000100100001000000010100000011
 181   568  0000000000000000000000000000000000000000000000000000000000000000001110000000000000000000000000000000011000000000000000000000000000000000101000000000000000000000000000000001000000000000000000000100000001000100010000000000000010000100100001001000100000001000100100001000000010100000011
 182   569  0000000000000000000000000000000000000000000000000000000000000000001110000000000000000000000000000000011000000000000000000000000000000000101000000000000000000000000000000001000000000000000000000100000001000100010000000000000010000100100001001000100000001000100100001000000010100000011
 183   570  0000000000000000000000000000000000000000000000000000000000000000001110000000000000000000000000000000011000000000000000000000000000000000101000000000000000000000000000000001000000000000000000000100000001000100010000000000000010000100100001001000100000001000100100001000000010100000011
 184   571  0000000000000000000000000000000000000000000000000000000000000000001110000000000000000000000000000000011000000000000000000000000000000000101000000000000000000000000000000001000000000000000000000100000001000100010000000000000010000100100001001000100000001000100100001000000010100000011
 185   572  0000000000000000000000000000000000000000000000000000000000000000001110000000000000000000000000000000011000000000000000000000000000000000101000000000000000000000000000000001000000000000000000000100000001000100010000000000000010000100100001001000100000001000100100001000000010100000011
 186   573  0000000000000000000000000000000000000000000000000000000000000000001110000000000000000000000000000000011000000000000000000000000000000000101000000000000000000000000000000001000000000000000000000100000001000100010000000000000010000100100001001000100000001000100100001000000010100000011
 187   574  0000000000000000000000000000000000000000000000000000000000000000001110000000000000000000000000000000011000000000000000000000000000000000101000000000000000000000000000000001000000000000000000000100000001000100010000000000000010000100100001001000100000001000100100001000000010100000011
 188   575  0000000000000000000000000000000000000000000000000000000000000000001110000000000000000000000000000000011000000000000000000000000000000000101000000000000000000000000000000001000000000000000000000100000001000100010000000000000010000100100001001000100000001000100100001000000010100000011
 189   576  0000000000000000000000000000000000000000000000000000000000000000001110000000000000000000000000000000011000000000000000000000000000000000101000000000000000000000000000000001000000000000000000000100000001000100010000000000000010000100100001001000100000001000100100001000000010100000011
 190   577  0000000000000000000000000000000000000000000000000000000000000000001110000000000000000000000000000000011000000000000000000000000000000000101000000000000000000000000000000001000000000000000000000100000001000100010000000000000010000100100001001000100000001000100100001000000010100000011
 191   578  0000000000000000000000000000000000000000000000000000000000000000001110000000000000000000000000000000011000000000000000000000000000000000101000000000000000000000000000000001000000000000000000000100000001000100010000000000000010000100100001001000100000001000100100001000000010100000011
 192   579  0000000000000000000000000000000000000000000000000000000000000000001110000000000000000000000000000000011000000000000000000000000000000000101000000000000000000000000000000001000000000000000000000100000001000100010000000000000010000100100001001000100000001000100100001000000010100000011
 193   580  0000000000000000000000000000000000000000000000000000000000000000001110000000000000000000000000000000011000000000000000000000000000000000101000000000000000000000000000000001000000000000000000000100000001000100010000000000000010000100100001001000100000001000100100001000000010100000011
 194   581  0000000000000000000000000000000000000000000000000000000000000000001110000000000000000000000000000000011000000000000000000000000000000000101000000000000000000000000000000001000000000000000000000100000001000100010000000000000010000100100001001000100000001000100100001000000010100000011
 195   582  0000000000000000000000000000000000000000000000000000000000000000001110000000000000000000000000000000011000000000000000000000000000000000101000000000000000000000000000000001000000000000000000000100000001000100010000000000000010000100100001001000100000001000100100001000000010100000011
 196   583  0000000000000000000000000000000000000000000000000000000000000000001110000000000000000000000000000000011000000000000000000000000000000000101000000000000000000000000000000001000000000000000000000100000001000100010000000000000010000100100001001000100000001000100100001000000010100000011
 197   584  0000000000000000000000000000000000000000000000000000000000000000001110000000000000000000000000000000011000000000000000000000000000000000101000000000000000000000000000000001000000000000000000000100000001000100010000000000000010000100100001001000100000001000100100001000000010100000011
 198   585  0000000000000000000000000000000000000000000000000000000000000000001110000000000000000000000000000000011000000000000000000000000000000000101000000000000000000000000000000001000000000000000000000100000001000100010000000000000010000100100001001000100000001000100100001000000010100000011
 199   586  0000000000000000000000000000000000000000000000000000000000000000001110000000000000000000000000000000011000000000000000000000000000000000101000000000000000000000000000000001000000000000000000000100000001000100010000000000000010000100100001001000100000001000100100001000000010100000011
 200   588  0000000000000000000000000000000000000000000000000000000000000000001110000000000000000000000000000000011000000000000000000000000000000000101000000000000000000000000000000001000000000000000000000100000001000100010000000000000010000100100001001000100000001000100100001000000010100000011
 201   589  0000000000000000000000000000000000000000000000000000000000000000001110000000000000000000000000000000011000000000000000000000000000000000101000000000000000000000000000000001000000000000000000000100000001000100010000000000000010000100100001001000100000001000100100001000000010100000011
 202   590  0000000000000000000000000000000000000000000000000000000000000000001110000000000000000000000000000000011000000000000000000000000000000000101000000000000000000000000000000001000000000000000000000100000001000100010000000000000010000100100001001000100000001000100100001000000010100000011
 203   591  0000000000000000000000000000000000000000000000000000000000000000001110000000000000000000000000000000011000000000000000000000000000000000101000000000000000000000000000000001000000000000000000000100000001000100010000000000000010000100100001001000100000001000100100001000000010100000011
 204   592  0000000000000000000000000000000000000000000000000000000000000000001110000000000000000000000000000000011000000000000000000000000000000000101000000000000000000000000000000001000000000000000000000100000001000100010000000000000010000100100001001000100000001000100100001000000010100000011
 205   593  0000000000000000000000000000000000000000000000000000000000000000001110000000000000000000000000000000011000000000000000000000000000000000101000000000000000000000000000000001000000000000000000000100000001000100010000000000000010000100100001001000100000001000100100001000000010100000011
 206   597  0000000000000000000000000000000000000000000000000000000000000000001110000000000000000000000000000000011000000000000000000000000000000000101000000000000000000000000000000001000000000000000000000100000001000100010000000000000010000100100001001000100000001000100100001000000010100000011
 207   598  0000000000000000000000000000000000000000000000000000000000000000001110000000000000000000000000000000011000000000000000000000000000000000101000000000000000000000000000000001000000000000000000000100000001000100010000000000000010000100100001001000100000001000100100001000000010100000011
 208   599  0000000000000000000000000000000000000000000000000000000000000000001110000000000000000000000000000000011000000000000000000000000000000000101000000000000000000000000000000001000000000000000000000100000001000100010000000000000010000100100001001000100000001000100100001000000010100000011
 209   605  0000000000000000000000000000000000000000000000000000000000000000001110000000000000000000000000000000011000000000000000000000000000000000101000000000000000000000000000000001000000000000000000000100000001000100010000000000000010000100100001001000100000001000100100001000000010100000011
 210   606  0000000000000000000000000000000000000000000000000000000000000000001110000000000000000000000000000000011000000000000000000000000000000000101000000000000000000000000000000001000000000000000000000100000001000100010000000000000010000100100001001000100000001000100100001000000010100000011
 211   607  0000000000000000000000000000000000000000000000000000000000000000001110000000000000000000000000000000011000000000000000000000000000000000101000000000000000000000000000000001000000000000000000000100000001000100010000000000000010000100100001001000100000001000100100001000000010100000011
 212   610  0000000000000000000000000000000000000000000000000000000000000000001110000000000000000000000000000000011000000000000000000000000000000000101000000000000000000000000000000001000000000000000000000100000001000100010000000000000010000100100001001000100000001000100100001000000010100000011
 213   611  0000000000000000000000000000000000000000000000000000000000000000001110000000000000000000000000000000011000000000000000000000000000000000101000000000000000000000000000000001000000000000000000000100000001000100010000000000000010000100100001001000100000001000100100001000000010100000011
 214   612  0000000000000000000000000000000000000000000000000000000000000000001110000000000000000000000000000000011000000000000000000000000000000000101000000000000000000000000000000001000000000000000000000100000001000100010000000000000010000100100001001000100000001000100100001000000010100000011
 215   613  0000000000000000000000000000000000000000000000000000000000000000001110000000000000000000000000000000011000000000000000000000000000000000101000000000000000000000000000000001000000000000000000000100000001000100010000000000000010000100100001001000100000001000100100001000000010100000011
 216   614  0000000000000000000000000000000000000000000000000000000000000000001110000000000000000000000000000000011000000000000000000000000000000000101000000000000000000000000000000001000000000000000000000100000001000100010000000000000010000100100001001000100000001000100100001000000010100000011
 217   631  0000000000000000000000000000000000000000000000000000000000000000001110000000000000000000000000000000011000000000000000000000000000000000101000000000000000000000000000000001000000000000000000000100000001000100010000000000000010000100100001001000100000001000100100001000000010100000011
 218   632  0000000000000000000000000000000000000000000000000000000000000000001110000000000000000000000000000000011000000000000000000000000000000000101000000000000000000000000000000001000000000000000000000100000001000100010000000000000010000100100001001000100000001000100100001000000010100000011
 219   633  0000000000000000000000000000000000000000000000000000000000000000001110000000000000000000000000000000011000000000000000000000000000000000101000000000000000000000000000000001000000000000000000000100000001000100010000000000000010000100100001001000100000001000100100001000000010100000011
 220   634  0000000000000000000000000000000000000000000000000000000000000000001110000000000000000000000000000000011000000000000000000000000000000000101000000000000000000000000000000001000000000000000000000100000001000100010000000000000010000100100001001000100000001000100100001000000010100000011
 221   635  0000000000000000000000000000000000000000000000000000000000000000001110000000000000000000000000000000011000000000000000000000000000000000101000000000000000000000000000000001000000000000000000000100000001000100010000000000000010000100100001001000100000001000100100001000000010100000011
 222   636  0000000000000000000000000000000000000000000000000000000000000000001110000000000000000000000000000000011000000000000000000000000000000000101000000000000000000000000000000001000000000000000000000100000001000100010000000000000010000100100001001000100000001000100100001000000010100000011
 223   637  0000000000000000000000000000000000000000000000000000000000000000001110000000000000000000000000000000011000000000000000000000000000000000101000000000000000000000000000000001000000000000000000000100000001000100010000000000000010000100100001001000100000001000100100001000000010100000011
 224   638  0000000000000000000000000000000000000000000000000000000000000000001110000000000000000000000000000000011000000000000000000000000000000000101000000000000000000000000000000001000000000000000000000100000001000100010000000000000010000100100001001000100000001000100100001000000010100000011
 225   639  0000000000000000000000000000000000000000000000000000000000000000001110000000000000000000000000000000011000000000000000000000000000000000101000000000000000000000000000000001000000000000000000000100000001000100010000000000000010000100100001001000100000001000100100001000000010100000011
 226   640  0000000000000000000000000000000000000000000000000000000000000000001110000000000000000000000000000000011000000000000000000000000000000000101000000000000000000000000000000001000000000000000000000100000001000100010000000000000010000100100001001000100000001000100100001000000010100000011
 227   641  0000000000000000000000000000000000000000000000000000000000000000001110000000000000000000000000000000011000000000000000000000000000000000101000000000000000000000000000000001000000000000000000000100000001000100010000000000000010000100100001001000100000001000100100001000000010100000011
 228   642  0000000000000000000000000000000000000000000000000000000000000000001110000000000000000000000000000000011000000000000000000000000000000000101000000000000000000000000000000001000000000000000000000100000001000100010000000000000010000100100001001000100000001000100100001000000010100000011
 229   643  0000000000000000000000000000000000000000000000000000000000000000001110000000000000000000000000000000011000000000000000000000000000000000101000000000000000000000000000000001000000000000000000000100000001000100010000000000000010000100100001001000100000001000100100001000000010100000011
 230   644  0000000000000000000000000000000000000000000000000000000000000000001110000000000000000000000000000000011000000000000000000000000000000000101000000000000000000000000000000001000000000000000000000100000001000100010000000000000010000100100001001000100000001000100100001000000010100000011
 231   645  0000000000000000000000000000000000000000000000000000000000000000001110000000000000000000000000000000011000000000000000000000000000000000101000000000000000000000000000000001000000000000000000000100000001000100010000000000000010000100100001001000100000001000100100001000000010100000011
 232   646  0000000000000000000000000000000000000000000000000000000000000000001110000000000000000000000000000000011000000000000000000000000000000000101000000000000000000000000000000001000000000000000000000100000001000100010000000000000010000100100001001000100000001000100100001000000010100000011
 233   647  0000000000000000000000000000000000000000000000000000000000000000001110000000000000000000000000000000011000000000000000000000000000000000101000000000000000000000000000000001000000000000000000000100000001000100010000000000000010000100100001001000100000001000100100001000000010100000011
 234   649  0000000000000000000000000000000000000000000000000000000000000000001110000000000000000000000000000000011000000000000000000000000000000000101000000000000000000000000000000001000000000000000000000100000001000100010000000000000010000100100001001000100000001000100100001000000010100000011
 235   650  0000000000000000000000000000000000000000000000000000000000000000001110000000000000000000000000000000011000000000000000000000000000000000101000000000000000000000000000000001000000000000000000000100000001000100010000000000000010000100100001001000100000001000100100001000000010100000011
 236   651  0000000000000000000000000000000000000000000000000000000000000000001110000000000000000000000000000000011000000000000000000000000000000000101000000000000000000000000000000001000000000000000000000100000001000100010000000000000010000100100001001000100000001000100100001000000010100000011
 237   652  0000000000000000000000000000000000000000000000000000000000000000001110000000000000000000000000000000011000000000000000000000000000000000101000000000000000000000000000000001000000000000000000000100000001000100010000000000000010000100100001001000100000001000100100001000000010100000011
 238   653  0000000000000000000000000000000000000000000000000000000000000000001110000000000000000000000000000000011000000000000000000000000000000000101000000000000000000000000000000001000000000000000000000100000001000100010000000000000010000100100001001000100000001000100100001000000010100000011
 239   654  0000000000000000000000000000000000000000000000000000000000000000001110000000000000000000000000000000011000000000000000000000000000000000101000000000000000000000000000000001000000000000000000000100000001000100010000000000000010000100100001001000100000001000100100001000000010100000011
 240   659  0000000000000000000000000000000000000000000000000000000000000000001110000000000000000000000000000000011000000000000000000000000000000000101000000000000000000000000000000001000000000000000000000100000001000100010000000000000010000100100001001000100000001000100100001000000010100000011
 241   660  0000000000000000000000000000000000000000000000000000000000000000001110000000000000000000000000000000011000000000000000000000000000000000101000000000000000000000000000000001000000000000000000000100000001000100010000000000000010000100100001001000100000001000100100001000000010100000011
 242   661  0000000000000000000000000000000000000000000000000000000000000000001110000000000000000000000000000000011000000000000000000000000000000000101000000000000000000000000000000001000000000000000000000100000001000100010000000000000010000100100001001000100000001000100100001000000010100000011
 243   668  0000000000000000000000000000000000000000000000000000000000000000001110000000000000000000000000000000011000000000000000000000000000000000101000000000000000000000000000000001000000000000000000000100000001000100010000000000000010000100100001001000100000001000100100001000000010100000011
 244   669  0000000000000000000000000000000000000000000000000000000000000000001110000000000000000000000000000000011000000000000000000000000000000000101000000000000000000000000000000001000000000000000000000100000001000100010000000000000010000100100001001000100000001000100100001000000010100000011
 245   687  0000000000000000000000000000000000000000000000000000000000000000001110000000000000000000000000000000011000000000000000000000000000000000101000000000000000000000000000000001000000000000000000000100000001000100010000000000000010000100100001001000100000001000100100001000000010100000011
 246   688  0000000000000000000000000000000000000000000000000000000000000000001110000000000000000000000000000000011000000000000000000000000000000000101000000000000000000000000000000001000000000000000000000100000001000100010000000000000010000100100001001000100000001000100100001000000010100000011
 247   689  0000000000000000000000000000000000000000000000000000000000000000001110000000000000000000000000000000011000000000000000000000000000000000101000000000000000000000000000000001000000000000000000000100000001000100010000000000000010000100100001001000100000001000100100001000000010100000011
 248   690  0000000000000000000000000000000000000000000000000000000000000000001110000000000000000000000000000000011000000000000000000000000000000000101000000000000000000000000000000001000000000000000000000100000001000100010000000000000010000100100001001000100000001000100100001000000010100000011
 249   691  0000000000000000000000000000000000000000000000000000000000000000001110000000000000000000000000000000011000000000000000000000000000000000101000000000000000000000000000000001000000000000000000000100000001000100010000000000000010000100100001001000100000001000100100001000000010100000011
 250   692  0000000000000000000000000000000000000000000000000000000000000000001110000000000000000000000000000000011000000000000000000000000000000000101000000000000000000000000000000001000000000000000000000100000001000100010000000000000010000100100001001000100000001000100100001000000010100000011
 251   693  0000000000000000000000000000000000000000000000000000000000000000001110000000000000000000000000000000011000000000000000000000000000000000101000000000000000000000000000000001000000000000000000000100000001000100010000000000000010000100100001001000100000001000100100001000000010100000011
 252   694  0000000000000000000000000000000000000000000000000000000000000000001110000000000000000000000000000000011000000000000000000000000000000000101000000000000000000000000000000001000000000000000000000100011001000100010000000000000010000100100001001000100000001000100100001000000010100000011
 253   695  0000000000000000000000000000000000000000000000000000000000000000001110000000000000000000000000000000011000000000000000000000000000000000101000000000000000000000000000000001000000000000000001100100011001000100010000000000000010000100100001001000100000001000100100001000000010100000011
 254   696  0000000000000000000000000000000000000000000000000000000000000000001110000000000000000000000000000000011000000000000000000000000000000000101000000000000000000000000000000001000000000000000001100100011001001000010000000000000010000100100001001000100000001000100100001000000010100000011
 255   697  0000000000000000000000000000000000000000000000000000000000000000001110000000000000000000000000000000011000000000000000000000000000000000101000000000000000000000000000000001000000000000000001100100011001001000010000000000000010000100100001001000100000001000100100001000000010100000011
 256   698  0000000000000000000000000000000000000000000000000000000000000000001110000000000000000000000000000000011000000000000000000000000000000000101000000000000000000000000000000001000000000000000001100100011001001000010000000000000010000100100001001000100000001000100100001000000010100000011
 257   699  0000000000000000000000000000000000000000000000000000000000000000001110000000000000000000000000000000011000000000000000000000000000000000101000000000000000000000000000000001000000000000000001100100011001001000010000000000000010000100100001001000100000001000100100001000000010100000011
 258   700  0000000000000000000000000000000000000000000000000000000000000000001110000000000000000000000000000000011000000000000000000000000000000000101000000000000000000000000000000001000000000000000001100100011001001000010000000000000010000100100001001000100000001000100100001000000010100000011
 259   701  0000000000000000000000000000000000000000000000000000000000000000001110000000000000000000000000000000011000000000000000000000000000000000101000000000000000000000000000000001000000000000000001100100011001001000010000000000000010000100100001001000100000001000100100001000000010100000011
 260   702  0000000000000000000000000000000000000000000000000000000000000000001110000000000000000000000000000000011000000000000000000000000000000000101000000000000000000000000000000001000000000000000001100100011001001000010000000000000010000100100001001000100000001000100100001000000010100000011
 261   703  0000000000000000000000000000000000000000000000000000000000000000001110000000000000000000000000000000011000000000000000000000000000000000101000000000000000000000000000000001000000000000000001100100011001001000010000000000000010000100100001001000100000001000100100001000000010100000011
 262   705  0000000000000000000000000000000000000000000000000000000000000000001110000000000000000000000000000000011000000000000000000000000000000000101000000000000000000000000000000001000000000000000001100100011001001000010000000000000010000100100001001000100000001000100100001000000010100000011
 263  1964  0000000000000000000000000000000000000000000000000000000000000000001110000000000000000000000000000000011000000000000000000000000000000000101000000000000000000000000000000001000000000000000001100100011001001000010000000000000010000100100001001000100000001000100100001000000010100000011