   0     0
   1     1
   2     2
   3     3
   4     6
   5     7
   6     8
   7     9
   8    10
   9    11
  10    12
  11    13
  12    14
  13    17
  14    18
  15    19
  16    20
  17    21
  18    22
  19    23
  20    25
  21    26
  22    27
  23    28
  24    29
  25    30
  26    31
  27    32
  28    33
  29    35
  30    36
  31    37
  32    38
  33    39
  34    40
  35    41
  36    42
  37    43
  38    44
  39    45
  40    46
  41    47
  42    48
  43    50
  44    51
  45    52
  46    53
  47    54
  48    55
  49    56
  50    57
  51    58
  52   349
  53   350
  54   351
  55   352
  56   353
  57   354
  58   355
  59   356
  60   357
  61   358
  62   359
  63   360
  64   361
  65   362
  66   363
  67   364
  68   365
  69   366
  70   821
  71   822
  72   823
  73   824
  74   989
  75   990
  76   991
  77   992
  78   993
  79   994
  80   995
  81   996
  82   997
  83   998
  84   999
  85  1000
  86  1001
  87  1002
  88  1003
  89  1004
  90  1005
  91  1006
  92  1007
  93  1008
  94  1009
  95  1010
  96  1011
  97  1012
  98  1042
  99  1043
 100  1044
 101  1045
 102  1057
 103  1058
 104  1059
 105  1060
 106  1061
 107  1062
 108  1063
 109  1064
 110  1065
 111  1066
 112  1067
 113  1068
 114  1069
 115  1070
 116  1071
 117  1072
 118  1073
 119  1074
 120  1075
 121  1076
 122  1077
 123  1078
 124  1087
 125  1088
 126  1089
 127  1090
 128  1091
 129  1092
 130  1093
 131  1094
 132  1095
 133  1096
 134  1097
 135  1098
 136  1099
 137  1379
 138  1380
 139  1381
 140  1382
 141  1383
 142  1384
 143  1385
 144  1386
 145  1387
 146  1388
 147  1389
 148  1392
 149  1393
 150  1394
 151  1395
 152  1396
 153  1397
 154  1398
 155  1399
 156  1400
 157  1401
 158  1402
 159  1403
 160  1404
 161  1405
 162  1406
 163  1407
 164  1408
 165  1409
 166  1410
 167  1411
 168  1412
 169  1413
 170  1414
 171  1415
 172  1416
 173  1418
 174  1419
 175  1420
 176  1421
 177  1422
 178  1423
 179  1424
 180  1425
 181  1426
 182  1518
 183  1519
 184  1520
 185  1521
 186  1522
 187  1523
 188  1524
 189  1525
 190  1526
 191  1527
 192  1528
 193  1529
 194  1530
 195  1531
 196  1532
 197  1533
 198  1534
 199  1535
 200  1536
 201  1537
 202  1538
 203  1539
 204  1540
 205  1541
 206  1544
 207  1545
 208  1548
 209  1549
 210  1550
 211  1551
 212  1553
 213  1554
 214  1555
 215  1556
 216  1557
 217  1558
 218  1559
 219  1560
 220  1561
 221  1569
 222  1570
 223  1571
 224  1572
 225  1573
 226  1574
 227  1575
 228  1576
 229  1578
 230  1579
 231  1580
 232  1581
 233  1582
 234  1583
 235  1584
 236  1585
 237  1586
 238  1587
 239  1589
 240  1590
 241  1591
 242  1592
 243  1593
 244  1595
 245  1596
 246  1597
 247  1598
 248  1599
 249  1600
 250  1601
 251  1602
 252  1603
 253  1604
 254  1612
 255  1613
 256  1614
 257  1615
 258  1616
 259  1617
 260  1618
 261  1619
 262  1621
 263  1622
 264  1623
 265  1624
 266  1625
 267  1626
 268  1627
 269  1628
 270  1629
 271  1631
 272  1632
 273  1633
 274  1634
 275  1635
 276  1636
 277  1637
 278  1638
 279  2524
 280  2525
 281  2526
 282  2527
 283  4490
 284  4491
 285   991
 286   992
 287   993
 288   994
 289   995
 290   996
 291   997
 292   998
 293   999
 294  1000
 295  1001
 296  1002
 297  1003
 298  1004
 299  1005
 300  1006
 301  1007
 302  1008
 303  1013
 304  1014
 305  1015
 306  1016
 307  1017
 308  1018
 309  1019
 310  1020
 311  1021
 312  1022
 313  1042
 314  1043
 315  1044
 316  1045
 317  1057
 318  1058
 319  1059
 320  1060
 321  1061
 322  1062
 323  1063
 324  1064
 325  1065
 326  1066
 327  1067
 328  1068
 329  1069
 330  1070
 331  1071
 332  1072
 333  1073
 334  1074
 335  1075
 336  1076
 337  1077
 338  1078
 339  1079
 340  1080
 341  1081
 342  1082
 343  1083
 344  1084
 345  1085
 346  1086
 347  1095
 348  2524
 349  2525
 350  2526
 351  2527
 352  2528
 353  2529
 354  2530
 355  2561
 356  2562
 357  2563
 358  2564
 359  2565
 360  2566
 361  2567
 362  2568
 363  2569
 364  2570
 365  2571
 366  2572
 367  2573
 368  2574
 369  2575
 370  2576
 371  2577
 372  2578
 373  2579
 374  2580
 375  2581
 376  2582
 377  2583
 378  2584
 379  2614
 380  2615
 381  2616
 382  2617
 383  2629
 384  2630
 385  2631
 386  2632
 387  2662
 388  2663
 389  2563
 390  2564
 391  2565
 392  2566
 393  2567
 394  2568
 395  2569
 396  2570
 397  2571
 398  2572
 399  2573
 400  2574
 401  2575
 402  2576
 403  2577
 404  2578
 405  2579
 406  2580
 407  2585
 408  2586
 409  2587
 410  2588
 411  2589
 412  2590
 413  2591
 414  2592
 415  2593
 416  2594
 417  2614
 418  2615
 419  2616
 420  2617
 421  2629
 422  2630
 423  2631
 424  2632
 425  2633
 426  2634
 427  2635
 428  2636
 429  2637
 430  2638
 431  2639
 432  2640
 433  2642
 434  2643
 435  2644
 436  2645
 437  2646
 438  2647
 439  2648
 440  2649
 441  2650
 442  2659
 443  2660
 444  2661
 445  2664
 446  2665
 447  2666
 448  2667
 449  2668
 450  2669
 451  2670
 452  2671
 453  2672
 454  2673
 455  2674
 456  2675
 457  2676
 458  2677
 459  2678
 460  2679
 461  2680
 462  2681
 463  2682
 464  2683
 465  2684
 466  2685
 467  2686
 468  2687
 469  2688
 470  2689
 471  2690
 472  2691
 473  2692
 474  2695
 475  2696
 476  2697
 477  2698
 478  2699
 479  2700
 480  2701
 481  2702
 482  2703
 483  2706
 484  2707
 485  2708
 486  2709
 487  2710
 488  2711
 489  2712
 490  2714
 491  2715
 492  2716
 493  2717
 494  2718
 495  2719
 496  2720
 497  2721
 498  2723
 499  2724
 500  2725
 501  2726
 502  2727
 503  2728
 504  2729
 505  2730
 506  2731
 507  2732
 508  2733
 509  2734
 510  2735
 511  2736
 512  2738
 513  2739
 514  2740
 515  2741
 516  2742
 517  2743
 518  2744
 519  2745
 520  2746
 521  3037
 522  3038
 523  3039
 524  3040
 525  3041
 526  3042
 527  3043
 528  3044
 529  3045
 530  3046
 531  3047
 532  3048
 533  3049
 534  3050
 535  3051
 536  3052
 537  3053
 538  3508
 539  3509
 540  3510
 541  3511
 542  3512
 543  3513
 544  3514
 545  3515
 546  3516
 547  3517
 548  3518
 549  3519
 550  3520
 551  3521
 552  3522
 553  3523
 554  3524
 555  3525
 556  3526
 557  3527
 558  3528
 559  3529
 560  3530
 561  3531
 562  3532
 563  3533
 564  3534
 565  3535
 566  3536
 567  3537
 568  3538
 569  3949
 570  3951
 571  3952
 572  3953
 573  3954
 574  3955
 575  3957
 576  3958
 577  3959
 578  3960
 579  3961
 580  3962
 581  3963
 582  3964
 583  3965
 584  3968
 585  3969
 586  3970
 587  3971
 588  4414
 589  4415
 590  4416
 591  4417
 592  4418
 593  4419
 594  4420
 595  4421
 596  4422
 597  3525
 598  3526
 599  3527
 600  3528
 601  3529
 602  3530
 603  3531
 604  3532
 605  3533
 606  4423
 607  4424
 608  4425
 609  4426
 610  4427
 611  4428
 612  4429
 613  4430
 614  4431
 615  4432
 616  4433
 617  4434
 618  4435
 619  4436
 620  4437
 621  4438
 622  4439
 623  4440
 624  4441
 625  4442
 626  4472
 627  4473
 628  4474
 629  4475
 630  4487
 631  4488
 632  3511
 633  3512
 634  3513
 635  3514
 636  3515
 637  3516
 638  3517
 639  3518
 640  3519
 641  3520
 642  3521
 643  3522
 644  3523
 645  3524
 646  3525
 647  3526
 648  3527
 649  3528
 650  3529
 651  3530
 652  3531
 653  3532
 654  3533
 655  3534
 656  3535
 657  3536
 658  3537
 659  3538
 660  3949
 661  3951
 662  3952
 663  3953
 664  3954
 665  3955
 666  3957
 667  3958
 668  3959
 669  3960
 670  3961
 671  3962
 672  3963
 673  3964
 674  3965
 675  3968
 676  3969
 677  3972
 678  3973
 679  3974
 680  3975
 681  3976
 682  3977
 683  3978
 684  3979
 685  3980
 686  3981
 687  3982
 688  3983
 689  3984
 690  3985
 691  3986
 692  3987
 693  3988
 694  3989
 695  3990
 696  3991
 697  3992
 698  3993
 699  3994
 700  3996
 701  3997
 702  3998
 703  3999
 704  4000
 705  4001
 706  4002
 707  4003
 708  4004
 709  4005
 710  4006
 711  4007
 712  4008
 713  4009
 714  4010
 715  4011
 716  4012
 717  4013
 718  4014
 719  4015
 720  4016
 721  4017
 722  4018
 723  4019
 724  4020
 725  4021
 726  4022
 727  4023
 728  4024
 729  4025
 730  4026
 731  4027
 732  4414
 733  4415
 734  4416
 735  4417
 736  4418
 737  4419
 738  4420
 739  4421
 740  4422
 741  3525
 742  3526
 743  3527
 744  3528
 745  3529
 746  3530
 747  3531
 748  3532
 749  3533
 750  3534
 751  3535
 752  3536
 753  3539
 754  3540
 755  3541
 756  3542
 757  3543
 758  3544
 759  3545
 760  3546
 761  3547
 762  3548
 763  3551
 764  3552
 765  3553
 766  3554
 767  3555
 768  3556
 769  3557
 770  3558
 771  3559
 772  3560
 773  3561
 774  3562
 775  3563
 776  3564
 777  3565
 778  3566
 779  3567
 780  3568
 781  3569
 782  3570
 783  3571
 784  3572
 785  3573
 786  3575
 787  3576
 788  3577
 789  3578
 790  3579
 791  3580
 792  3581
 793  3582
 794  3583
 795  3584
 796  3585
 797  3586
 798  3587
 799  3588
 800  3589
 801  3590
 802  3591
 803  3592
 804  3593
 805  3594
 806  3595
 807  3596
 808  3597
 809  3598
 810  3599
 811  3600
 812  3601
 813  3602
 814  3603
 815  3604
 816  3605
 817  3606
 818  3949
 819  3951
 820  3952
 821  3953
 822  3954
 823  3955
 824  3957
 825  3958
 826  3959
 827  3960
 828  3961
 829  3962
 830  3963
 831  3964
 832  3965
 833  3968
 834  3969
 835  3972
 836  3973
 837  3974
 838  3975
 839  3976
 840  3977
 841  3978
 842  3979
 843  3980
 844  3981
 845  3982
 846  3983
 847  3984
 848  3985
 849  3986
 850  3987
 851  3988
 852  3989
 853  3990
 854  3991
 855  3992
 856  3993
 857  3994
 858  3996
 859  3997
 860  3998
 861  3999
 862  4000
 863  4001
 864  4002
 865  4003
 866  4004
 867  4005
 868  4006
 869  4007
 870  4008
 871  4009
 872  4010
 873  4011
 874  4012
 875  4013
 876  4014
 877  4015
 878  4016
 879  4017
 880  4018
 881  4019
 882  4020
 883  4021
 884  4022
 885  4023
 886  4024
 887  4025
 888  4026
 889  4027
 890  4414
 891  4415
 892  4416
 893  4417
 894  4418
 895  4419
 896  4420
 897  4421
 898  4422
 899  3525
 900  3526
 901  3527
 902  3528
 903  3529
 904  3530
 905  3531
 906  3532
 907  3533
 908  4423
 909  4424
 910  4425
 911  4426
 912  4427
 913  4428
 914  4429
 915  4430
 916  4431
 917  4432
 918  4433
 919  4434
 920  4435
 921  4436
 922  4437
 923  4438
 924  4443
 925  4444
 926  4445
 927  4446
 928  4447
 929  4448
 930  4449
 931  4450
 932  4451
 933  4452
 934  4472
 935  4473
 936  4474
 937  4475
 938  4487
 939  4488
 940  3511
 941  3512
 942  3513
 943  3514
 944  3515
 945  3516
 946  4489
 947  4551
